"logFC"	"AveExpr"	"t"	"P.Value"	"adj.P.Val"	"B"	"Symbol"
"17005001"	1.21023774874912	8.43528168843743	8.0888767216083	4.43415172364583e-09	0.000102548626912757	10.4115724189614	"CD83"
"16778460"	-0.965110297356612	8.0827006818387	-7.02693904384348	7.55779076482112e-08	0.000710505345752243	7.8846623067233	"KBTBD7"
"16786580"	-1.46610496034662	6.09111754147677	-6.95438464560722	9.2165695388798e-08	0.000710505345752243	7.70621534804258	NA
"16753886"	-1.74043218291813	6.36459878126351	-6.65913761923786	2.07788316386877e-07	0.0011302133372634	6.97319229623188	NA
"16768006"	-0.984656141290049	5.74040777826355	-6.47463848314011	3.46782062073572e-07	0.0011302133372634	6.50986732514002	"MIR618"
"16864165"	0.804815729233781	9.31289558179992	6.44915994544184	3.72285352854974e-07	0.0011302133372634	6.44558671234364	NA
"16864166"	0.804815729233781	9.31289558179992	6.44915994544184	3.72285352854974e-07	0.0011302133372634	6.44558671234364	NA
"16926200"	0.85757142257259	7.68784536004127	6.43159962266812	3.90958909417876e-07	0.0011302133372634	6.40124262797	"SIK1"
"16922573"	-0.783865810962133	6.19458235072297	-6.32769155971064	5.22549841544473e-07	0.00113047369160027	6.13818798497127	"MORC3"
"17000465"	0.626145787234661	8.91917512851018	6.32704808493181	5.23490924836502e-07	0.00113047369160027	6.13655550598792	"ETF1"
"16989986"	1.48729880125429	7.90530283100914	6.28757671748531	5.84615169573751e-07	0.00113047369160027	6.03633852307976	NA
"16663282"	-1.09588457837812	6.82359948877242	-6.27474729983578	6.05996490794386e-07	0.00113047369160027	6.00373169903532	"CCDC30"
"16774079"	-0.769230535734327	5.92732396942554	-6.25063301038268	6.48345866066309e-07	0.00113047369160027	5.94240019380687	NA
"17075594"	-0.592830135096273	6.52530688818686	-6.2100964703324	7.26381180800281e-07	0.00113047369160027	5.83917511338961	"GNRH1"
"16929560"	0.8471350215518	5.72825019853441	6.20675756234929	7.3321681904285e-07	0.00113047369160027	5.83066575393966	"MIR3909"
"16740630"	0.976127268364112	6.62506669963348	6.11455215781087	9.49955587224151e-07	0.00136887698972025	5.59527149358687	"FOSL1"
"16706233"	-1.01971602882975	6.07581892048065	-6.0871473612751	1.02607772389307e-06	0.00136887698972025	5.52516254967054	NA
"16692802"	-0.701276896117638	7.32500528527859	-6.06090176470283	1.10474330396797e-06	0.00136887698972025	5.45795849686402	NA
"16896744"	-1.16521483735555	7.05142123236047	-6.03808388933824	1.17806257562267e-06	0.00136887698972025	5.39948412457378	NA
"16864901"	-0.79202471642297	6.87268714333834	-6.02733191056442	1.21429259043927e-06	0.00136887698972025	5.3719154929441	"ZNF137P"
"16884766"	-0.548656487148456	8.5029361105241	-6.00849842625877	1.28048225561583e-06	0.00136887698972025	5.32360262652385	NA
"16674022"	-1.19465638004623	8.0976252458683	-6.00254019128342	1.30217035386542e-06	0.00136887698972025	5.30831218461195	NA
"16740335"	-1.24073811100919	8.53552438828866	-5.98391388618449	1.37238735278873e-06	0.00137996531773673	5.26049369619103	NA
"17075390"	0.863145876651024	8.00793399929787	5.88900064932724	1.79407205717269e-06	0.00170947872492048	5.0164103107089	"BIN3-IT1"
"16729185"	0.938621335670614	9.15433201034056	5.87853475724784	1.84792528745673e-06	0.00170947872492048	4.98945469983921	NA
"16769900"	-0.794303633173269	7.08431558804887	-5.86425054316612	1.92406245408218e-06	0.0017114535529061	4.95265210817678	NA
"16808993"	1.04053283961219	8.11280705188613	5.83093298953072	2.11415332823662e-06	0.00181088977859734	4.86675549975827	NA
"17012340"	-0.81356371122888	7.63325026917897	-5.73418728845063	2.78024922959968e-06	0.00229638656903399	4.61691621647395	NA
"16954900"	-0.513621819783414	7.76072922323676	-5.65046987534017	3.52498688329182e-06	0.00278388617198101	4.40026315647451	"GLT8D1"
"16938269"	-1.01200405181482	6.16948089804627	-5.63465644565153	3.68672419587426e-06	0.00278388617198101	4.35929589616096	NA
"17117527"	-0.761146356602884	7.35762043666446	-5.63039324544824	3.73158954172229e-06	0.00278388617198101	4.34824914014645	"LOC399900"
"17118158"	0.769101379677004	8.77131162507133	5.61699143393058	3.87623195734729e-06	0.00280142551492408	4.31351642779727	NA
"17110365"	0.988850329609435	7.25491173335338	5.59890563117221	4.08039659727627e-06	0.00285961612440025	4.26663012500673	"MIR221"
"16990845"	-0.815249539146821	10.6777500342636	-5.58823564257187	4.20587648210164e-06	0.00286086192357543	4.23896130500352	NA
"16800105"	-0.728018876498137	8.62720598060885	-5.56736339725198	4.46265037843037e-06	0.00294854579561698	4.18482084423971	NA
"16693810"	-1.09662512264285	8.62671420875977	-5.55747232049536	4.58977163671082e-06	0.00294854579561698	4.15915732882135	NA
"16943467"	0.505169133623246	10.2058758250527	5.52724208130945	5.00127372580435e-06	0.00301359843294723	4.08069444907388	"NFKBIZ"
"16964904"	0.514857940865778	7.40533721982268	5.51960131230346	5.11101876153404e-06	0.00301359843294723	4.06085649878521	NA
"17023855"	-1.07067995621047	7.80214872558434	-5.51531959723002	5.17357059606132e-06	0.00301359843294723	4.04973868593745	NA
"16900441"	0.849089386654178	8.61500655328942	5.50677424822592	5.30071593773579e-06	0.00301359843294723	4.02754774234015	"DUSP2"
"16981502"	-0.836016369650436	7.45779774692072	-5.50400643209504	5.34256651320259e-06	0.00301359843294723	4.02035951376783	NA
"16922579"	-0.534969724354265	6.40860282881522	-5.48525900959376	5.63489744517465e-06	0.00310281602891796	3.97166297522424	"MORC3"
"16739606"	0.529888500234172	11.5932600908809	5.47303124636882	5.83415954911453e-06	0.00313782809052027	3.93989391940541	NA
"16728853"	-0.684726192661879	7.7700880450711	-5.45992004052581	6.05567732383261e-06	0.00318294657882447	3.90582334746369	NA
"17110367"	0.726107954451429	5.60068663894292	5.4481706922209	6.26134366600892e-06	0.00321791322141752	3.8752863640306	"MIR222"
"16718376"	0.635288021439251	9.54760725222843	5.42991701559197	6.59484648788746e-06	0.00326720241763074	3.82783480692181	NA
"16752018"	0.739678244121643	10.0026916274593	5.42609677380265	6.66686694816439e-06	0.00326720241763074	3.81790242212044	NA
"16739432"	-0.736173343483199	7.10363377919452	-5.42012321613307	6.78106611520195e-06	0.00326720241763074	3.80237058705508	"INTS5"
"16707051"	-0.845393365770648	5.57636214082083	-5.412147389741	6.93660653891832e-06	0.00327393672297069	3.78163085113211	NA
"16977309"	0.640284186072624	7.66784773613685	5.40315298388438	7.11630551419026e-06	0.00329157595253356	3.75824005698301	"RASGEF1B"
"16848894"	-1.46786945129011	5.19371617186124	-5.34955594767426	8.28811903544117e-06	0.00369907608307056	3.61880659850273	NA
"17049700"	-1.07024591305481	5.81617955069722	-5.34832445322113	8.31720310977079e-06	0.00369907608307056	3.61560192576773	"MIR4653"
"16839524"	0.814495442283902	7.91835929076244	5.30820452926632	9.32274895041661e-06	0.00399738868151524	3.51117929587935	NA
"17114793"	0.594309879021831	4.82180885992646	5.30320493676127	9.45630231156584e-06	0.00399738868151524	3.49816399850043	"MIR508"
"17118421"	-0.663393671732633	7.51002258926997	-5.2987439032144	9.57708554548293e-06	0.00399738868151524	3.48655027575004	"ZNF322"
"16692620"	-0.880750559092271	7.53989077212669	-5.29501154229913	9.67932573030887e-06	0.00399738868151524	3.47683324542283	NA
"17013722"	1.32165016460051	5.45288479897147	5.21156005438431	1.22735126708556e-05	0.00497981627261189	3.25950841917076	NA
"16790467"	-1.4913563799154	7.24679086498346	-5.17934040873434	1.34519772155514e-05	0.00536385994938029	3.17557759130345	NA
"16764323"	-1.344175227967	7.96239186921289	-5.17107188321524	1.37722327459416e-05	0.00539848180873546	3.15403699688739	NA
"16840235"	-0.712045862186562	7.38618970362383	-5.15933775811127	1.42398441208277e-05	0.00548874791637304	3.1234672813605	"ZNF594"
"17016360"	-0.952475050533795	5.76734694147091	-5.12746567643511	1.55916138468181e-05	0.00591126644976002	3.04043092873874	NA
"17066328"	-0.494859953780511	8.5353059834297	-5.10610557674095	1.65685763181309e-05	0.00618034620176474	2.98478014669894	NA
"17053371"	-0.607614016861223	9.09046394283526	-5.09718732851163	1.69943575780815e-05	0.00619411030970261	2.96154489332084	"GIMAP8"
"16941659"	-0.924717415595103	4.98824438529312	-5.09416460869062	1.71411363264136e-05	0.00619411030970261	2.95366964178995	NA
"16858509"	-0.642894316464732	7.44405419388127	-5.05368870735057	1.9233005397191e-05	0.00669793176362575	2.84821857660303	"ZNF627"
"16924320"	-0.515018153637071	5.02774288836223	-5.05354941731271	1.92406273948721e-05	0.00669793176362575	2.84785570123557	"C21orf91-OT1"
"17016530"	-0.570773946048845	7.78461341632672	-5.05057298416544	1.94042213933033e-05	0.00669793176362575	2.84010159370717	"ZKSCAN4"
"16912362"	1.11733442911122	6.28446250324014	5.04325388617138	1.98124310442276e-05	0.00673826606999782	2.82103438456155	"ID1"
"17104673"	1.08044028829175	8.85776553446595	5.024955372163	2.08708923359096e-05	0.00682022881263884	2.77336629275486	NA
"16898346"	-0.874537830874789	6.56752315410838	-5.02394718714638	2.09308232312587e-05	0.00682022881263884	2.77074003583631	NA
"16946900"	-0.712288550099808	7.85210359762682	-5.02382438420834	2.09381348941651e-05	0.00682022881263884	2.77042014280568	"TSC22D2"
"17048165"	-1.24616393581496	3.96896388567206	-5.01364630084642	2.15530801210497e-05	0.00692302894388216	2.74390750193562	"CLDN12"
"16749379"	-0.753577049667435	5.57091815148667	-4.97848360126108	2.38195538783932e-05	0.00754623044583014	2.65232288071197	NA
"16902611"	-0.433110065965669	8.39683305943004	-4.9642783329495	2.48012326444224e-05	0.00773396723490656	2.61532906545176	"AMMECR1L"
"16899271"	-0.494869068450324	7.969835127431	-4.96033302699121	2.50809678132915e-05	0.00773396723490656	2.60505517830956	"CCDC142"
"16889819"	0.793973044755836	7.83372297526497	4.92475794258094	2.77497508689824e-05	0.00831783131374909	2.51242829055865	"CTLA4"
"16786601"	-1.06620560929941	8.2786793500549	-4.92085901254377	2.80589328278905e-05	0.00831783131374909	2.50227825039302	"LINC01220"
"16835624"	0.538222494958854	9.34922559417627	4.91864756201415	2.82358223594139e-05	0.00831783131374909	2.49652135933697	NA
"16932023"	0.710434392644133	8.51465456838493	4.91644565136994	2.84130528726674e-05	0.00831783131374909	2.49078941436081	"MIR3198-1"
"16898728"	-0.450254369689349	8.80712407274619	-4.89335357018717	3.03398197118493e-05	0.00877086263094922	2.43068387893132	"TIA1"
"16668916"	-0.654936948009283	8.84563616345859	-4.88245366022356	3.12939791923136e-05	0.00893501057753873	2.40231765491348	NA
"17086359"	-1.11706954727755	7.59477868356811	-4.8613763086463	3.32246404116483e-05	0.00937056413170964	2.3474748139128	NA
"16920454"	-0.428879739194238	10.2700208920296	-4.85463989654289	3.38663556977121e-05	0.00943405517179279	2.32994958450228	"ZNF217"
"16913239"	-0.768894647979282	5.83879734009396	-4.84767202083997	3.45431058465189e-05	0.00943405517179279	2.31182367426508	NA
"16992402"	-0.768168717945334	7.21746989014006	-4.84634481235877	3.4673528326302e-05	0.00943405517179279	2.30837131043247	NA
"16971417"	0.571847590782225	9.87925265392589	4.84021123894776	3.52826603370198e-05	0.00948816378621228	2.29241726656112	NA
"16670803"	-0.600615664835223	6.90270386848034	-4.83276963252545	3.60360130117342e-05	0.00957936635542961	2.2730625672429	NA
"16858137"	0.629910193493874	9.28216210438881	4.82139331283406	3.72187556157593e-05	0.00975812288180371	2.24347782104162	"ICAM1"
"17109820"	0.519526802563984	8.35756012369216	4.81824972493119	3.75523386725702e-05	0.00975812288180371	2.23530354899629	"KLHL15"
"16666353"	-0.931362815941505	6.4375904005592	-4.80639516892718	3.88372726697688e-05	0.0098627122648272	2.20448137040899	NA
"16992672"	-0.967124892575487	8.80157894010471	-4.80353082767018	3.91542489040152e-05	0.0098627122648272	2.19703478399409	NA
"16748162"	-0.590125424063972	7.21091516538505	-4.80281192493719	3.9234207997756e-05	0.0098627122648272	2.19516586140731	NA
"16707169"	-0.772694413234627	4.80741026584748	-4.79803727099446	3.97694013163438e-05	0.0098897520886353	2.18275375219826	NA
"17118325"	0.449745299257656	7.00072978327422	4.79077802826489	4.05970402574777e-05	0.00993755004343633	2.16388443774043	"FLJ45248"
"16871531"	0.446532710894443	8.86728295012479	4.78883897937436	4.08209994433542e-05	0.00993755004343633	2.15884452099591	"NFKBID"
"16705959"	-1.17924077409433	9.41019494125717	-4.75727301950625	4.46445669851336e-05	0.0106155255114451	2.07682098624213	NA
"17036079"	-0.501231059159775	8.83567758562559	-4.75667286013443	4.47206123297781e-05	0.0106155255114451	2.07526189544594	"TRIM27"
"16924521"	-0.912187524251718	5.19317989388371	-4.75362048551959	4.51093720833588e-05	0.0106155255114451	2.06733269965978	"LINC00515"
"16678166"	-0.681987585751529	6.84316125598111	-4.74957189923538	4.56302007130402e-05	0.0106155255114451	2.05681627196447	NA
"16795215"	-0.498346345170034	8.2956700312736	-4.74748495520061	4.59010053679468e-05	0.0106155255114451	2.05139560707756	"ALKBH1"
"16790261"	0.577569786623085	11.2364235159654	4.71476345967505	5.0361975487983e-05	0.0113345967485416	1.96643086133711	NA
"16889631"	0.810074735057989	7.33597956785859	4.71241993920657	5.06975261253191e-05	0.0113345967485416	1.96034765996915	"SNORD11"
"17016421"	-0.678812549524453	5.49590129411889	-4.70946658384282	5.11235596349848e-05	0.0113345967485416	1.95268187041287	"ZNF322"
"16751420"	0.679989380182222	7.19423589797234	4.70226248033235	5.21777599413754e-05	0.0113345967485416	1.93398461085472	"GRASP"
"16971428"	0.672403706027447	10.7670103096946	4.70213239131024	5.21969934740881e-05	0.0113345967485416	1.93364700715789	NA
"16743943"	-0.534963686140987	7.2387276836891	-4.7014762504102	5.22941106580503e-05	0.0113345967485416	1.93194422042941	"MSANTD4"
"17068628"	-1.30729410453881	7.31304725768317	-4.70048647265232	5.24409500624357e-05	0.0113345967485416	1.92937563678975	NA
"16830041"	-0.580340966472699	8.97782318673325	-4.69405413058375	5.34052570815647e-05	0.0114361424122717	1.91268423579915	"ZFP3"
"16658609"	-0.727197538393881	8.26281532562167	-4.69057193435912	5.39346194151134e-05	0.011443540763425	1.90364912997983	"LOC102724552"
"16895431"	-0.527789782797132	6.73962067257545	-4.68315258302068	5.50799514587858e-05	0.011580309430794	1.88440061647542	"ASXL2"
"16704237"	-0.578562148411021	6.61703936478215	-4.6644674790963	5.80725210653523e-05	0.0120671009044975	1.83593798356963	NA
"16805538"	-0.614765450053777	6.15200213599167	-4.66224616520396	5.8438850750366e-05	0.0120671009044975	1.83017797481527	"LUNAR1"
"16683268"	-0.829434946306416	6.99688304586853	-4.65646143474485	5.94036462267495e-05	0.01215777102908	1.81517912856165	"LINC01355"
"16882841"	-0.573053092452492	7.52602641820445	-4.64809086234	6.08277754960631e-05	0.0123400347710303	1.79347906978438	"ZNF2"
"16818391"	0.678833172043761	7.44636370673692	4.62969619120306	6.40775181087625e-05	0.012792790939268	1.74580701598812	"LOC101928829"
"16837391"	-0.878065199249702	9.95168627970726	-4.62899214709143	6.42052658292014e-05	0.012792790939268	1.74398280939415	"KCNJ2"
"16972819"	-0.573219874153462	8.17963665408648	-4.6190755474089	6.60316961805018e-05	0.012792790939268	1.71829178846155	NA
"16664005"	0.698022529653118	9.52271239174831	4.618778747017	6.60871478762645e-05	0.012792790939268	1.71752296052442	"PLK3"
"17075392"	1.55502975242345	6.31886533579864	4.61566262061385	6.66721349633006e-05	0.012792790939268	1.70945132473847	"LOC286058"
"17012946"	0.829195141329436	10.6856051149606	4.61396106264859	6.69937321141563e-05	0.012792790939268	1.70504407709497	"TNFAIP3"
"17076009"	0.388916719975928	11.0668884202439	4.61079735255831	6.75957744418228e-05	0.012792790939268	1.69685016714397	"SARAF"
"16875338"	-0.835101567845579	5.8925527685893	-4.60887216021928	6.79647549538491e-05	0.012792790939268	1.69186429557568	NA
"16675301"	1.40775130829331	6.78593140648916	4.60611819075937	6.84960538993869e-05	0.012792790939268	1.68473247177763	"RGS1"
"16835631"	0.645792063325976	8.68249257486588	4.60562782328941	6.8591087320847e-05	0.012792790939268	1.68346264230441	NA
"16697245"	0.515324292231028	10.7789512300146	4.60166373891994	6.93641460370187e-05	0.012833476843185	1.6731980392496	"IVNS1ABP"
"16971432"	0.706370836188317	9.95657795827406	4.5955505543616	7.05732849559758e-05	0.0129535584220385	1.65737058904348	NA
"17067182"	-0.960526308651079	6.03846728834983	-4.59231963354533	7.12207551543823e-05	0.0129694677516173	1.64900652232791	NA
"16786587"	-1.05364839667215	11.3864324785727	-4.58619133660658	7.24650799928393e-05	0.0130152762323955	1.63314378926319	"FOS"
"16827387"	0.505521020491201	8.0747440626472	4.58327831651069	7.30640920623355e-05	0.0130152762323955	1.62560450573846	"LOC100505942"
"17077310"	-0.686832764817019	3.23160314134393	-4.5795242801657	7.38432904149061e-05	0.0130152762323955	1.61588941975612	NA
"16895954"	-0.43351661098357	6.99216718562551	-4.57842550514556	7.40729100135613e-05	0.0130152762323955	1.6130460795177	"CCDC121"
"16754966"	-0.904141643373267	8.48003945308219	-4.57214700731595	7.53986214892375e-05	0.0130152762323955	1.59680059349838	"LINC00936"
"17056857"	-0.790980924904615	5.38428142971989	-4.56791455510492	7.63055544421481e-05	0.0130152762323955	1.58585077013085	NA
"16663284"	-0.896928325871636	4.2769150962062	-4.56510043194283	7.69145440048864e-05	0.0130152762323955	1.57857102368489	"CCDC30"
"16767788"	-0.559338504077009	8.23581960820275	-4.56456193226056	7.70316258744751e-05	0.0130152762323955	1.57717806395064	"BBS10"
"16764305"	-0.758039515938872	9.18496429161791	-4.55944565395523	7.81528694427574e-05	0.0130152762323955	1.56394460825105	NA
"16743293"	-0.920823127837473	6.34492167841724	-4.55836230402137	7.8392355292484e-05	0.0130152762323955	1.56114272256904	NA
"16755526"	0.780401277367302	9.45876967532243	4.55607776655805	7.88997630459831e-05	0.0130152762323955	1.55523446436307	NA
"16670377"	-0.632392719647283	9.98153275075819	-4.55571509872739	7.89806123207607e-05	0.0130152762323955	1.55429656965172	NA
"16692626"	-0.632392719647283	9.98153275075819	-4.55571509872739	7.89806123207607e-05	0.0130152762323955	1.55429656965172	NA
"16663376"	-0.623110451036413	7.12103131699759	-4.55405768006534	7.93511457935644e-05	0.0130152762323955	1.5500104436765	"ZNF691"
"16821691"	-0.469178415153161	3.35271599700527	-4.54456716463862	8.1506267192911e-05	0.013274615784299	1.52547161464664	NA
"16790776"	-0.441406647460613	7.99922621370526	-4.53057854962968	8.4788990546133e-05	0.0137126921983246	1.48931467920752	"HOMEZ"
"17047086"	0.69102141735905	8.75815500387313	4.51895517778636	8.76160416214291e-05	0.0140715013512416	1.45928264964306	"MIR590"
"16918662"	-0.549893271589793	7.69198013638554	-4.51402686805701	8.88427149636895e-05	0.0141701066825189	1.44655224617086	NA
"17047367"	-0.646129367556996	6.87845198493846	-4.49643924395654	9.33606111026672e-05	0.0146817833440618	1.40113711134261	NA
"17058392"	-0.646129367556996	6.87845198493846	-4.49643924395654	9.33606111026672e-05	0.0146817833440618	1.40113711134261	NA
"16843462"	-0.658182168852434	7.46466832442295	-4.49418726386199	9.39552875392897e-05	0.0146817833440618	1.39532380759762	"PEX12"
"17078271"	0.58033890936684	7.12610133631368	4.48912287057053	9.53063681304249e-05	0.0147167752316083	1.3822520095471	NA
"16713403"	0.532342219639994	5.02118572221264	4.48858157386716	9.54519083643034e-05	0.0147167752316083	1.38085498398364	"CCNYL2"
"16740337"	-0.959534243105363	7.92732429874849	-4.45837220772957	0.000103932858407539	0.0159182464661666	1.30292722439295	NA
"17061208"	-0.744550565260406	5.94236184576798	-4.45247251820544	0.000105674138762857	0.0160437938274863	1.28771763806186	"RPL19P12"
"16875126"	-0.438728237255353	7.09227963777273	-4.45091032731676	0.000106140029212843	0.0160437938274863	1.28369077473172	NA
"16777624"	-0.723225444541058	6.60416689643207	-4.43888622228023	0.000109794631171146	0.0162986003175368	1.25270349868379	"LINC00412"
"16839030"	0.806831178486156	8.3935951865918	4.43850590901215	0.000109912231802754	0.0162986003175368	1.25172360700291	NA
"16684326"	0.60608509658632	7.22242016689047	4.4384162691607	0.000109939968415088	0.0162986003175368	1.25149264840603	"MIR4420"
"16804557"	1.48892231597038	7.41677946958201	4.42308071936868	0.000114788477076137	0.0168998091927875	1.21199116073192	NA
"16738815"	-0.521691741901982	6.15511631750593	-4.42101719992128	0.000115456818976107	0.0168998091927875	1.20667758146028	NA
"17079672"	0.464792126318066	9.10975261183528	4.4180555762126	0.000116422772302657	0.0169326442231554	1.19905207174853	NA
"16875879"	-0.717206472821684	7.19895884442109	-4.41585565062668	0.000117145460963586	0.0169326442231554	1.19338829469937	NA
"16658750"	-0.683329263357143	5.96737922739084	-4.41039288693638	0.000118959249084383	0.0170880158607113	1.17932621450612	NA
"16960801"	-0.779163352488877	6.64073452878191	-4.40511750577456	0.000120737163776493	0.017236348065796	1.16574918130259	"PA2G4P4"
"16699590"	-0.574153808739768	6.98782954541092	-4.39830662922618	0.000123071469209783	0.0173767567462794	1.14822425730612	"TAF1A"
"16818374"	0.421393491697731	6.6835986763368	4.39679912731674	0.000123594137343949	0.0173767567462794	1.14434594208017	"SLC5A2"
"17000724"	1.0113752229566	6.38240264036059	4.39538964106846	0.000124084806652902	0.0173767567462794	1.14071998935955	"HBEGF"
"16771428"	0.671115633717941	6.4192390640145	4.39355562105842	0.000124726147787537	0.0173767567462794	1.13600219863033	NA
"16857465"	-0.504103485305762	5.7179170076705	-4.38190129409691	0.000128878804787338	0.0178285230040387	1.10603060182816	NA
"16691371"	0.43995651879395	6.21694141792212	4.38016074759009	0.000129510609446902	0.0178285230040387	1.10155556903403	NA
"16920563"	-0.750800885323375	5.51976935028059	-4.37558453559774	0.000131186376062579	0.0179523510011791	1.08979134353451	NA
"17054823"	-0.490771131651023	10.116444830323	-4.37094932497501	0.000132905584324101	0.0180806320509617	1.07787759686135	NA
"17087517"	0.863496811131482	6.26873100985375	4.36123461824501	0.000136581321176062	0.0184720246481801	1.05291525576637	"NR4A3"
"17002858"	-0.804047393317604	7.82077760742735	-4.3502071870178	0.000140875538385452	0.0189420266060486	1.02459159838946	NA
"16973220"	0.42677899000401	3.84474718354454	4.34754941626972	0.000141930287569884	0.0189735361886052	1.01776708329429	"HSP90AA4P"
"16795819"	-0.44860734275076	7.32293702838031	-4.34174720860649	0.000144260091899872	0.019174156007864	1.0028709974876	"GPR68"
"16718685"	0.759188954788737	5.58508592714035	4.33870592720572	0.000145496323585069	0.019209795708088	0.995064500100512	NA
"16949792"	-0.5597101110748	8.74106872718991	-4.33570841951365	0.000146724995271587	0.019209795708088	0.987371328117676	"FAM43A"
"17117445"	-0.700991709265402	8.6701680374815	-4.33499216484092	0.000147020099465196	0.019209795708088	0.985533186444825	NA
"16855182"	0.575578776101651	8.45341562407483	4.32618112038191	0.000150698632304203	0.0193989914883969	0.962925710012119	NA
"16855183"	0.575578776101651	8.45341562407483	4.32618112038191	0.000150698632304203	0.0193989914883969	0.962925710012119	NA
"16790471"	-1.31807673975518	5.17649198828652	-4.32550531581806	0.000150984497250462	0.0193989914883969	0.961192070093752	NA
"17004950"	-0.795152671581252	5.98466558406072	-4.32292097918074	0.00015208261574749	0.0194321251623879	0.954562935950467	NA
"16959760"	-0.380507501817789	9.96814240983331	-4.31354696549065	0.000156132314553061	0.0198399562564211	0.930523606965047	"COPB2"
"16998059"	-0.442680021507483	11.6415821788398	-4.29737462780258	0.000163370616446623	0.0206462964292954	0.889073175616165	"ARRDC3"
"16792191"	0.429107951065277	5.50305691657657	4.29512899867484	0.000164401529892593	0.020663664031663	0.883319857217559	NA
"16916144"	0.596065086919226	8.07127966375123	4.28713715267261	0.000168122717552135	0.0210171572369093	0.862849358649168	"TPD52L2"
"16739536"	-0.565307047580183	6.81621643485365	-4.28023064562334	0.000171405380547927	0.0211861324899364	0.845164794452428	"ZBTB3"
"16721278"	-0.468416583691383	6.70721112196981	-4.27893346605263	0.000172028943629402	0.0211861324899364	0.841843898389375	"TRIM78P"
"16877007"	0.439140851094908	9.41273060246993	4.27853147691127	0.000172222636230728	0.0211861324899364	0.840814809913418	"KLF11"
"16745707"	-0.406949611730079	8.47955370283113	-4.27486782183713	0.000173997856116756	0.0212912614730805	0.831436756722087	"MSANTD2"
"16875873"	-0.597513554445406	6.34637587618524	-4.27199389100869	0.000175403034362526	0.0213502419773797	0.824081303643135	"ZNF582"
"16862918"	-0.451922901824025	7.61145181562164	-4.26311396196514	0.000179815860017263	0.0217727821707813	0.801360438000565	"ZNF224"
"16996343"	-0.792062036805132	3.10405154557226	-4.26065868691222	0.000181055190408947	0.0218086634822277	0.795079837295861	NA
"16708238"	-1.19958797905899	6.28005186469705	-4.24069988177762	0.000191447042169226	0.0229409105919569	0.744052134825446	NA
"16944512"	-0.473499313444195	7.03509105207253	-4.23776125263801	0.0001930259236571	0.0230108790536998	0.736543191399106	"GTF2E1"
"16921159"	0.455252965562828	6.74784349682479	4.22739865948393	0.000198696663556622	0.0235654242978154	0.710072677011929	"BHLHE23"
"17016372"	-0.557137623140905	9.50681743112447	-4.22399654707331	0.000200593955214945	0.0235900802874038	0.70138514478741	"HIST1H1C"
"17098325"	0.640855358865903	6.39479946880282	4.22218057723745	0.000201613980258612	0.0235900802874038	0.696748534631373	NA
"17075601"	-0.406017302157784	6.65210797265961	-4.22155840640944	0.000201964625628311	0.0235900802874038	0.695160077701769	NA
"16680690"	0.459625453555155	5.51456849133014	4.21896185619506	0.00020343449545006	0.0236423596797665	0.688531384507077	"HES5"
"16888087"	-0.519898612634792	8.32891886498438	-4.21380286188819	0.000206386262980622	0.0238654755197642	0.675363605547239	"RBM45"
"17061189"	-0.440400336302537	7.69971949832246	-4.21148210270292	0.00020772782529143	0.0239011015697259	0.669441223268907	"NAPEPLD"
"16832568"	0.557140537710621	10.2757180314415	4.20270136065267	0.000212881878068748	0.0243728672975047	0.647039766223555	NA
"16806844"	-0.49478088837232	8.44297891794127	-4.19575649442911	0.000217047323495148	0.0247273568988782	0.629329069771444	NA
"17058249"	0.512187802059662	9.63259284897978	4.19361703928212	0.000218346635911644	0.0247534443565127	0.623874330411504	"SBDS"
"17099246"	0.539494855889963	9.57588514753215	4.18775675887151	0.000221944984125049	0.0250386421846829	0.608936080552646	NA
"16740574"	0.982467551747563	4.46070017240101	4.18423895015333	0.000224132971895585	0.0251627341797533	0.599971126472536	NA
"17110369"	0.556044438816233	6.95646044852335	4.17892317164753	0.00022747959119926	0.0254150749065956	0.586427258576145	NA
"16887586"	-0.537997265622969	5.09228637391863	-4.17303326308986	0.000231245112015529	0.0257115658922267	0.571424999591192	NA
"16865540"	0.658694015715405	11.2160929316115	4.17017549018815	0.000233094170969288	0.0257931525933337	0.564147612558589	"FCAR"
"16903897"	1.07658153128006	8.43565120680816	4.16638225125036	0.000235570990581691	0.0259430966627751	0.554489745310786	"NR4A2"
"17064269"	-0.493993897406995	9.61244473866045	-4.16105610135825	0.00023909249387522	0.0262061237244181	0.540932275519763	"GIMAP6"
"17005685"	-0.536400950787064	8.71809677713065	-4.15609851197851	0.00024241682756872	0.0264451602414235	0.528316446837769	NA
"16875166"	-0.546731563430584	6.85356744183552	-4.15109733661899	0.000245816449828636	0.02669012692576	0.5155931318321	"ZNF347"
"16887176"	0.474048311737566	3.0485620038712	4.14553496125551	0.000249652654421244	0.0267363622463034	0.501446159954642	NA
"16698226"	-0.932792293375687	8.61271767010731	-4.14542962368394	0.000249725867779525	0.0267363622463034	0.50117829301661	"LINC01136"
"16752014"	0.623055474430068	9.80558923805174	4.14449628251593	0.000250375496209977	0.0267363622463034	0.498804931760291	NA
"16914339"	-0.585219775074415	7.07455785564695	-4.14379235547811	0.000250866545918098	0.0267363622463034	0.497015020354827	"ZSWIM3"
"16821972"	-0.430888454023937	7.25647164108015	-4.14122615069703	0.000252664727996221	0.0267459751219801	0.490490387125075	NA
"16755529"	0.730456779387588	9.3591561715867	4.14036681270405	0.000253269708639843	0.0267459751219801	0.488305707395775	NA
"16755533"	0.649634844203328	10.3414926431053	4.13823716974955	0.000254775140137907	0.0267578080169402	0.482892001267194	NA
"16695404"	-0.958617003499031	8.51243764617415	-4.13553786290129	0.000256695913363795	0.0267578080169402	0.476031086672601	NA
"17101799"	0.51049085656827	8.7568431985388	4.13531834483912	0.000256852742671368	0.0267578080169402	0.475473175823682	"SYAP1"
"16904097"	-0.957587765905055	7.10568518782484	-4.12962353998422	0.000260954342426932	0.0269573518970857	0.461002067970147	NA
"16992314"	0.58230008764165	7.67889341621512	4.12726803405575	0.000262669626067562	0.0269573518970857	0.455017823840836	NA
"16971419"	0.470954429861516	8.22608846729667	4.12717138594028	0.000262740241627914	0.0269573518970857	0.45477230287448	NA
"16771568"	1.03115366977565	7.04766770866707	4.12622774805902	0.000263430688318475	0.0269573518970857	0.452375193470846	NA
"17007529"	-0.456992024037227	7.99592705790692	-4.12291169992312	0.000265871171507595	0.0270872360504676	0.443952496232996	"ZBTB9"
"16870755"	-0.463353499794573	4.90207304999549	-4.12127277034181	0.000267085553676462	0.0270916122801558	0.439790229886976	NA
"16972106"	-0.478517818651808	5.29169213627608	-4.11940649029584	0.000268475033785626	0.0271136336522279	0.435051049324954	NA
"16926011"	0.398960172622388	8.679156239759	4.1155777048069	0.000271347913822644	0.0271880599306315	0.425329909731744	"ZBTB21"
"17094226"	-0.468641765789195	6.45628147109523	-4.1137939059477	0.000272696661449084	0.0271880599306315	0.420801637584435	NA
"16688214"	-0.616825259846779	7.32496376197404	-4.11373833346536	0.000272738786003654	0.0271880599306315	0.420660571179006	NA
"16702175"	0.487102868075505	9.59084640212125	4.11139879318403	0.00027451799706665	0.0272479730393151	0.414722238228605	"PFKFB3"
"16691400"	-0.442049140047653	7.11585807761356	-4.10371671424384	0.000280440781693133	0.027716897257338	0.395228837566798	"LOC100506459"
"16673748"	-0.556068455262589	7.10016561645189	-4.09506234191955	0.000287263673429705	0.028270412661314	0.373278625204777	"FMO4"
"16830575"	0.713883076458675	10.2059086754662	4.09170066122247	0.000289957689224169	0.0282943391245631	0.364755339715501	NA
"16795366"	-1.0441083068157	7.24697225477134	-4.0900572093305	0.000291283751834628	0.0282943391245631	0.360589105815383	"SNORA79"
"16873645"	0.489661984302297	7.41806467016912	4.08916155918695	0.00029200893692361	0.0282943391245631	0.358318757227095	NA
"16779226"	0.420722653378222	4.57497804787646	4.08867882499124	0.000292400529717239	0.0282943391245631	0.357095142944347	NA
"16785083"	1.23519529711909	7.83772561556815	4.08538229012955	0.000295088493731842	0.0283035414675577	0.348740159336433	NA
"16872323"	-0.503933996303918	8.1129615565569	-4.08264976362096	0.000297334955234566	0.0283035414675577	0.341815878783303	"ZNF780A"
"16671912"	0.603396765160891	9.48181175480753	4.08065889733065	0.000298982252543827	0.0283035414675577	0.336771690144386	NA
"16878438"	-0.718495967694062	5.35162837716187	-4.07828320889676	0.000300959694407525	0.0283035414675577	0.330753275475384	"MIR4263"
"16833024"	0.665969750933233	5.95124625736539	4.07805792258737	0.00030114788043412	0.0283035414675577	0.330182594173637	"MIR4725"
"16876040"	-0.439476236497621	7.89676301090107	-4.07745851477591	0.000301649140345661	0.0283035414675577	0.328664248991646	NA
"16864401"	-0.592964967721513	7.73235519696132	-4.07720642860396	0.000301860194236921	0.0283035414675577	0.32802571200015	NA
"17088907"	0.402491833430031	4.6570683740673	4.07531097488649	0.000303451774536467	0.0283035414675577	0.323224816545033	NA
"17046683"	0.427218908380555	8.33265643353815	4.07505239216522	0.000303669539859619	0.0283035414675577	0.322569908269128	NA
"16862936"	-0.403298013685519	7.60184316820451	-4.07276873145638	0.000305599397711923	0.0283035414675577	0.316786559997068	"ZNF234"
"17100729"	-0.673009583536707	6.26124449880416	-4.0723462168544	0.000305957770869089	0.0283035414675577	0.315716633132081	NA
"16922571"	-0.471316901516033	8.48777268248845	-4.07077711064258	0.000307292288473667	0.0283094334008273	0.311743449707931	"MORC3"
"17095414"	0.55792895082475	3.02004712429079	4.06832336732699	0.000309390651184323	0.0283094334008273	0.305531004196979	NA
"17092747"	0.594005616025067	11.1702937139629	4.06797032222047	0.000309693719479799	0.0283094334008273	0.30463723219683	NA
"16759906"	0.394085748359742	5.14534663553893	4.06600763936879	0.00031138388829233	0.0283518708052627	0.299668836684099	NA
"16709242"	-0.458946860032527	8.22072943982485	-4.0582804411522	0.000318126639230649	0.0288522148450479	0.280113744710962	NA
"16800660"	0.422262485007212	4.45655498401553	4.05596058156637	0.000320178776879031	0.0289249006753178	0.27424472068094	NA
"17026656"	0.35338404901328	7.70169942370157	4.04905513724559	0.000326364510705811	0.0293689962610634	0.256779572837218	"GNL1"
"16843417"	-0.505290804871161	7.27702836754264	-4.04453226615952	0.000330479401240555	0.0296240198158539	0.24534444779394	"SLFN12"
"17016503"	-0.542168973952432	11.1653464314474	-4.04188867023102	0.000332908065537789	0.0296833807809325	0.238662167370521	"HIST1H3I"
"16752343"	-0.441741895808025	7.13196208529182	-4.04102142589183	0.000333708609116723	0.0296833807809325	0.236470254043624	"SUOX"
"16692603"	-0.863336150490743	7.65191996543729	-4.03652821733165	0.000337886581083593	0.0299398580870508	0.225115822794731	"HIST2H2BF"
"17045258"	-0.452300594877895	7.6744951607798	-4.03228438591773	0.00034187977753841	0.0301780672333237	0.214394525966505	"GPR141"
"16821693"	0.506319488080742	7.07777564286332	4.02880925508806	0.000345184118639784	0.030353890158868	0.205617363132057	"LOC101928659"
"16965027"	0.440786115585916	6.47956057578954	4.02358478716694	0.000350210858140649	0.030666068025731	0.192425542400043	"USP17L5"
"16951797"	-0.639011886478421	9.56994994138684	-4.01908295795333	0.000354599845221737	0.030666068025731	0.181061929173718	"EOMES"
"16866031"	-0.442681508507711	7.09882728006075	-4.01835436046162	0.000355315233654135	0.030666068025731	0.179223097137725	"ZNF17"
"16899570"	0.798745577649321	4.71769703262682	4.01731179646684	0.000356341358911422	0.030666068025731	0.176592027657237	NA
"16662105"	-0.500658466454074	7.37547161633964	-4.01658039434215	0.000357062962566272	0.030666068025731	0.1747463283349	"TSSK3"
"16737422"	-0.500708152028221	6.38968824754603	-4.01621706678365	0.000357421955243876	0.030666068025731	0.173829500644751	NA
"16740459"	0.370616230419595	7.70027604608782	4.01561653223124	0.000358016100961966	0.030666068025731	0.172314147504989	"KCNK7"
"16931590"	0.48114182137366	8.64502306685274	4.00847982245479	0.000365151460127065	0.0311618369681131	0.154310315763632	"PIM3"
"16755527"	0.638744620518391	9.49908049418611	4.00365738082645	0.000370051741459918	0.0314639214144983	0.142149445920312	NA
"17004045"	-0.344241197453289	6.29261866314931	-4.00120756628849	0.000372565735660155	0.0315616401780674	0.135973160542406	NA
"16967174"	0.567195248123122	4.52757852583113	3.99941490091152	0.000374415966028624	0.0316026206070948	0.131454260116452	NA
"16934854"	-0.355659683244632	7.77960971514188	-3.99229345485417	0.000381855466119758	0.0320010758202738	0.113508005960205	"ANKRD54"
"16957470"	0.588181504881522	5.99036537946468	3.99167598734534	0.000382507294669346	0.0320010758202738	0.1119523689958	NA
"16939510"	-0.38454039204202	7.44582298491116	-3.99093793862049	0.000383287845471347	0.0320010758202738	0.110093025679903	"ZNF619"
"16856834"	-0.533803900209015	7.11447554948193	-3.98730461816807	0.000387153214180224	0.0322075265623958	0.100941048005723	"ZNF555"
"16733411"	0.480634552645162	5.68060109632549	3.98554037534768	0.000389043886715775	0.032226610718663	0.0964978951932363	"BARX2"
"16817821"	-0.517000525212002	7.74646226997372	-3.98168813653713	0.000393203688491544	0.032226610718663	0.0867980620853315	"LOC101928595"
"16863705"	0.515160578638046	7.13474260538433	3.98040477830401	0.000394599164652154	0.032226610718663	0.0835671590100207	NA
"16863711"	0.515160578638046	7.13474260538433	3.98040477830401	0.000394599164652154	0.032226610718663	0.0835671590100207	NA
"16863721"	0.515160578638046	7.13474260538433	3.98040477830401	0.000394599164652154	0.032226610718663	0.0835671590100207	NA
"16871655"	-0.519169653338052	7.39149717065018	-3.97935579570884	0.000395743392748748	0.032226610718663	0.0809265132014341	"ZFP14"
"16965523"	-0.490019072394777	8.79647770002988	-3.97337710389651	0.000402327271151776	0.0326477992979899	0.0658796912967974	NA
"17051167"	-0.557240535290157	7.64418434396268	-3.96906817137857	0.000407138790488585	0.0328379234501159	0.055039012627649	NA
"16865900"	-0.462413727498921	6.36852382970281	-3.96842616723341	0.000407860485154956	0.0328379234501159	0.0534240918344171	"ZNF583"
"16959148"	-0.440437065337953	8.10037141969244	-3.96747687593357	0.000408929906759778	0.0328379234501159	0.0510363396325602	"ASTE1"
"16692993"	-0.516770193681602	6.67495064271622	-3.96388884523161	0.000412996860017745	0.0330497521855723	0.042012770268971	NA
"16744693"	0.571300987075711	8.70905959835002	3.96195766154222	0.000415202186571792	0.0331116585132615	0.0371569408021868	NA
"16698120"	-0.933176314851705	7.87374463650106	-3.95685612467629	0.000421083541873214	0.0334652889103155	0.0243325872516245	NA
"16757592"	0.50603796248935	6.09684986697634	3.95408933602359	0.00042430730309283	0.0336060102692736	0.0173792695139641	NA
"17079910"	0.694698864358962	9.86963707190951	3.95153105570047	0.000427309615498626	0.0337282917325485	0.0109511522401906	"KLF10"
"16692614"	-0.941884855451634	6.69392336750835	-3.94513361704715	0.00043490877694213	0.0340839467288386	-0.00511847913872376	"HIST2H3D"
"17061430"	-0.629365805639405	7.01280257621459	-3.93954834382942	0.000441651273078217	0.0340839467288386	-0.0191421392726481	"LINC01004"
"16788217"	0.485406781468375	6.5437554785393	3.93859289804272	0.000442814883911256	0.0340839467288386	-0.0215405453089943	NA
"16967794"	-0.905972842398626	7.57831198668674	-3.9385888025121	0.000442819878197698	0.0340839467288386	-0.0215508257580712	NA
"16677256"	-0.42922218019299	6.50284813382823	-3.93840486560862	0.000443044236533223	0.0340839467288386	-0.0220125342769606	NA
"17028529"	-0.376640855924711	8.94171084137931	-3.93766297150945	0.000443950297127323	0.0340839467288386	-0.0238747358540694	"TRIM27"
"17117853"	0.525330612344566	6.62375036335637	3.93566275427086	0.000446402169524578	0.0340839467288386	-0.0288949206724638	"LOC285097"
"16946051"	0.843950945771344	5.06965179537003	3.93298151289737	0.000449709644837779	0.0340839467288386	-0.0356232338790372	NA
"16974356"	-0.941862884590839	6.4507114022322	-3.93062491725809	0.000452636445291913	0.0340839467288386	-0.0415358188422426	NA
"16793473"	-0.567788044018256	8.49102884763556	-3.93031237268447	0.000453026011009803	0.0340839467288386	-0.0423199033931283	NA
"16965000"	0.437389967390339	6.85334452477109	3.92939992986322	0.000454165187640946	0.0340839467288386	-0.0446088600577728	NA
"17005993"	-0.588390078933327	7.7442514705962	-3.92724271541947	0.000456869610668914	0.0340839467288386	-0.0500198596800718	"HCG14"
"17026039"	-0.588390078933327	7.7442514705962	-3.92724271541947	0.000456869610668914	0.0340839467288386	-0.0500198596800718	"HCG14"
"17027214"	-0.588390078933327	7.7442514705962	-3.92724271541947	0.000456869610668914	0.0340839467288386	-0.0500198596800718	"HCG14"
"17034952"	-0.588390078933327	7.7442514705962	-3.92724271541947	0.000456869610668914	0.0340839467288386	-0.0500198596800718	"HCG14"
"17037554"	-0.588390078933327	7.7442514705962	-3.92724271541947	0.000456869610668914	0.0340839467288386	-0.0500198596800718	"HCG14"
"17040264"	-0.588390078933327	7.7442514705962	-3.92724271541947	0.000456869610668914	0.0340839467288386	-0.0500198596800718	"HCG14"
"16705956"	-0.687053262418223	7.24047942682173	-3.92231631640631	0.000463104886046805	0.0344380279730047	-0.0623737373346414	NA
"17016624"	-0.385848227404683	9.17992280609479	-3.90797487220539	0.000481734459193108	0.0354811236871306	-0.098312544799648	"TRIM27"
"17026472"	-0.385848227404683	9.17992280609479	-3.90797487220539	0.000481734459193108	0.0354811236871306	-0.098312544799648	"TRIM27"
"17038817"	-0.385848227404683	9.17992280609479	-3.90797487220539	0.000481734459193108	0.0354811236871306	-0.098312544799648	"TRIM27"
"16981004"	-0.508795274317601	8.65086093831001	-3.90359448727329	0.000487569336084834	0.0357968763035999	-0.109282024258994	"PPID"
"17049924"	-0.359002081580558	7.97176826942052	-3.90086312444793	0.000491242566121933	0.0358620210319854	-0.116120186433924	"ARMC10"
"16690760"	-0.494899299952035	9.44237471303553	-3.90062954263012	0.000491557948161862	0.0358620210319854	-0.116704911195448	"LRIF1"
"17109893"	-0.410346129171703	8.6842601305514	-3.8901364153906	0.00050593183652919	0.0364639374794265	-0.142961874860745	"CXorf21"
"17106791"	-0.630071805662999	4.17982244548386	-3.88993774251343	0.000506207912281492	0.0364639374794265	-0.143458816162116	NA
"16920804"	-0.559641086267363	3.73378816627152	-3.88905317204371	0.000507438899885103	0.0364639374794265	-0.145671306287441	NA
"17072847"	-0.657358234309367	5.32713343532953	-3.88864560870968	0.000508007058333307	0.0364639374794265	-0.146690655509178	NA
"16986104"	0.318035678292794	8.66204133470973	3.88819376826682	0.000508637667674617	0.0364639374794265	-0.147820709007434	"BTF3"
"16801140"	-0.858361483226338	5.86724262949769	-3.88774234022303	0.000509268465683174	0.0364639374794265	-0.148949692862177	NA
"16965013"	0.435359069584455	6.8757707455105	3.88601185973765	0.000511693626262618	0.0365245015264678	-0.153277125754772	NA
"17046526"	-0.388251551898553	6.92505198613594	-3.87493694147113	0.000527483920796439	0.037420615448648	-0.180958933178522	"SNORA15"
"17046588"	-0.388251551898553	6.92505198613594	-3.87493694147113	0.000527483920796439	0.037420615448648	-0.180958933178522	"SNORA15"
"17055002"	0.730553137998683	5.55706142270323	3.87003414611113	0.000534625336623171	0.0377105223545635	-0.193206061057055	NA
"16684140"	-0.725662862531077	8.54638632219398	-3.86989346591465	0.000534831639741291	0.0377105223545635	-0.193557410932469	NA
"16863211"	-0.383787238936748	7.74661700906137	-3.86869046568628	0.000536598981845388	0.0377201357238246	-0.196561758758368	"GEMIN7"
"17088991"	-0.720635521148063	6.01686137556402	-3.86382884367166	0.000543799560746932	0.0379725474288474	-0.20870024832877	"MIR181A2HG"
"16736117"	0.485013549117796	3.79641483946032	3.86258781687149	0.000545652726653921	0.0379725474288474	-0.211798114597584	NA
"17047685"	-0.592203300594512	4.6128379487496	-3.86110819346327	0.000547870241888383	0.0379725474288474	-0.215491181036517	NA
"16690890"	-0.343762573981122	8.66551133190742	-3.86036969230119	0.000548980326815592	0.0379725474288474	-0.217334285298398	NA
"16900225"	-0.617535862899384	6.28932301017192	-3.85588280502841	0.000555772216590083	0.0379725474288474	-0.228530108055555	NA
"17085217"	-0.617535862899384	6.28932301017192	-3.85588280502841	0.000555772216590083	0.0379725474288474	-0.228530108055555	NA
"17085489"	-0.617535862899384	6.28932301017192	-3.85588280502841	0.000555772216590083	0.0379725474288474	-0.228530108055555	NA
"17085543"	-0.617535862899384	6.28932301017192	-3.85588280502841	0.000555772216590083	0.0379725474288474	-0.228530108055555	NA
"17094284"	-0.617535862899384	6.28932301017192	-3.85588280502841	0.000555772216590083	0.0379725474288474	-0.228530108055555	NA
"16809322"	-0.632330799896541	5.40939496220775	-3.85533379424462	0.000556608880459171	0.0379725474288474	-0.229899749437606	NA
"16669566"	-0.868169199394864	7.18210427159551	-3.85162951802597	0.000562286246919876	0.0380185505652219	-0.239139440655786	"RNVU1-3"
"16670197"	-0.868169199394864	7.18210427159551	-3.85162951802597	0.000562286246919876	0.0380185505652219	-0.239139440655786	"RNVU1-3"
"16743955"	-0.472432164511464	7.11092878399443	-3.85084625565776	0.000563493939923679	0.0380185505652219	-0.24109281443215	"KBTBD3"
"16849308"	0.374088416145971	8.72482986726065	3.85053977008832	0.000563967191800927	0.0380185505652219	-0.241857124595033	"JMJD6"
"17053393"	-0.562867285378589	9.22455480223188	-3.84954706440171	0.000565502719524207	0.0380185505652219	-0.244332596801798	"GIMAP2"
"16837451"	-0.432366289829843	7.26991523922222	-3.84664365478284	0.000570017217496381	0.0382109802580835	-0.251571613944336	"C17orf80"
"17021382"	-0.537410356923314	7.49366539957464	-3.84551272214758	0.000571785208017803	0.0382187182249356	-0.254390901025941	NA
"17009580"	-0.765605744904049	6.05707506253194	-3.84268224658592	0.000576233605799285	0.038336461029346	-0.261445857201684	NA
"16738917"	1.01138996995675	3.97521248782073	3.84218503590837	0.000577018508034849	0.038336461029346	-0.262684991655374	NA
"16676350"	0.369673157456742	5.72291195415628	3.84109638271943	0.000578740715053913	0.038336461029346	-0.26539793274696	NA
"16825842"	-0.338664629188267	7.64543612316345	-3.83850579708988	0.000582859128414566	0.038336461029346	-0.271852774996869	"ZNF785"
"16860097"	-0.507101554279467	9.34654198598954	-3.83829522721481	0.000583195139018832	0.038336461029346	-0.272377384054967	"ZNF253"
"16770021"	-0.34371671081569	6.85865112650361	-3.83742415295547	0.000584587140409004	0.038336461029346	-0.274547465903625	"C12orf76"
"17079165"	-0.353643051731007	8.41215510032799	-3.83694794879801	0.0005853494991061	0.038336461029346	-0.275733756045234	"RBM12B"
"16947357"	0.677350445429712	6.95565222349358	3.83603862538231	0.000586807938962619	0.038336461029346	-0.27799888139251	"PTX3"
"16872419"	-0.942552098990907	6.05889238263792	-3.83380377796417	0.000590407442806573	0.0384629659994017	-0.283565192764244	NA
"16812215"	0.394638452009928	6.3863005304406	3.83140877437825	0.000594288826376149	0.0385870891626077	-0.289529304173258	"ADAMTS7"
"16836655"	0.461700924863833	7.88358929006297	3.83057265713047	0.000595649709475978	0.0385870891626077	-0.291611160678853	"CA4"
"17007475"	0.311271129699541	9.58150493667644	3.82845181437765	0.000599115299719716	0.0387031830631784	-0.296891243809704	"PHF1"
"16710632"	-0.410905048714068	7.66505183070047	-3.82432707700192	0.000605911832564223	0.0390332115646596	-0.307157684962817	"LOC102724883"
"16743890"	-0.46472405351191	9.70992572299001	-3.82326753630813	0.000607669802850646	0.0390377209181303	-0.309794324841056	"CASP1"
"16964314"	-0.622520368205079	6.00848135056835	-3.81803814609279	0.00061641948411909	0.0394901202471529	-0.322804229131637	NA
"16975999"	-0.571448153242048	6.71270393213702	-3.8155188231425	0.000620678515542589	0.0396126389857155	-0.32906994610131	"RPL21P44"
"16926148"	0.365390421441633	9.84579204481744	3.81488319805091	0.000621757597259253	0.0396126389857155	-0.330650583938585	"U2AF1"
"16937966"	-0.348183090113415	8.09792758619338	-3.80745720930589	0.000634500890251964	0.0402433931565536	-0.349111066668248	"CCDC174"
"17086537"	-0.721924953428307	5.19979057118294	-3.80708972266819	0.000635138085447402	0.0402433931565536	-0.350024321666668	"DAPK1-IT1"
"17041368"	0.311611363169551	9.67292384784458	3.80214049279547	0.00064378074951871	0.0406795557216371	-0.36232115784388	"PHF1"
"16981893"	-0.50712627601364	4.97555991655523	-3.79747425783164	0.000652034236420661	0.0410888168547701	-0.373910276283324	"CLDN24"
"16862926"	-0.522685615970544	7.28336345821054	-3.79624359697928	0.000654228132362767	0.0411150380900916	-0.376966015679732	"ZNF225"
"17024597"	-0.418430210586896	4.35271854010939	-3.7940038498486	0.000658239412851793	0.0412550214119876	-0.382526523195733	NA
"16887145"	-0.52738026360112	3.04748062551405	-3.79173443189708	0.000662328293629774	0.0413990985047994	-0.388159637659119	NA
"17041521"	-0.478796048713412	6.46470466985141	-3.78878547711906	0.000667678537550741	0.0416210284041401	-0.395477897173202	NA
"16864764"	-0.542075557336592	6.80996353251736	-3.78735697530746	0.00067028537573354	0.0416712093671763	-0.399022284017434	"ZNF613"
"16755525"	0.435169791369622	10.7652646134473	3.78224747937307	0.000679691051200126	0.0421426674024271	-0.411696451346047	NA
"16941344"	-0.37499415650438	8.38166684418907	-3.7800361601356	0.000683801479945067	0.0422841626382074	-0.417179968694756	"ALAS1"
"16883546"	-0.534996250433419	6.45002161566596	-3.77440806088595	0.000694372693503038	0.0428233527537194	-0.431131626406138	NA
"16670850"	0.392137875858847	9.63262104788199	3.77199747716532	0.000698949046148417	0.0428849324602157	-0.43710525724916	"PSMB4"
"16784410"	0.835809675959574	6.05278071350158	3.77192880636903	0.000699079843364955	0.0428849324602157	-0.437275411380913	NA
"16863715"	0.500504985009662	6.43612803397507	3.76754688584172	0.000707475596340063	0.0430729221070042	-0.448130980564994	NA
"16863719"	0.500504985009662	6.43612803397507	3.76754688584172	0.000707475596340063	0.0430729221070042	-0.448130980564994	NA
"16990848"	-0.575526155957567	8.95585400208553	-3.76614926683517	0.000710174042191133	0.0430729221070042	-0.451592523992358	"ADRB2"
"16836504"	-0.421470310928908	6.33451672712336	-3.76479984817558	0.00071278894126313	0.0430729221070042	-0.454934294783972	"SMG8"
"16971046"	-0.716749930682769	5.55249353012313	-3.76424888585983	0.000713859289601848	0.0430729221070042	-0.456298615563374	"MIR3139"
"16783979"	0.55613909816642	4.53365190600757	3.76392977986622	0.000714479929337003	0.0430729221070042	-0.457088772510945	NA
"16957565"	-0.777917407934933	5.26350908803599	-3.76356939802872	0.000715181480048843	0.0430729221070042	-0.457981108979936	NA
"17003558"	-0.44871829442366	9.54875451986985	-3.76259887923655	0.000717074116142454	0.0430747352831858	-0.460384059876358	"CLK4"
"16852369"	0.764447354425029	8.03220517569402	3.75979840531732	0.000722562799917556	0.0432919944914335	-0.467316755128614	"SMAD4"
"16766734"	-0.505175672457415	7.74657566039718	-3.75873103735544	0.000724665503553625	0.0433057857898829	-0.469958631189724	NA
"16831306"	-0.494228711728425	8.77779264849279	-3.75589919631314	0.000730273133024366	0.0434073409140082	-0.476966631186896	"HS3ST3B1"
"16795149"	-0.312568571878289	9.026675338981	-3.75561008786154	0.000730848000064646	0.0434073409140082	-0.477681995791197	"VIPAS39"
"16671264"	-0.328678208311475	8.92964295863965	-3.75503359070669	0.000731995630927626	0.0434073409140082	-0.47910841627124	"SLC27A3"
"16993425"	-1.20389896099075	7.35092299413373	-3.75366740354074	0.000734722309358794	0.0434576031931991	-0.482488473643287	NA
"16934780"	-0.4470188989451	7.8805228681639	-3.75188063750366	0.000738303328400211	0.0435580129487543	-0.486908472938466	NA
"16907225"	-0.452124576847468	6.27165282629741	-3.74947554910356	0.000743150439663613	0.0437040976772761	-0.492856959493133	"CFLAR-AS1"
"17016375"	-0.555164103224987	5.13476135878448	-3.74877953268851	0.000744558934788203	0.0437040976772761	-0.49457817926656	"HIST1H1T"
"17079163"	-0.697443567832263	5.27054619981795	-3.74564865553202	0.000750926961722038	0.0439662983385964	-0.50231941705439	"FP6628"
"16860824"	-0.417030453065334	6.00832617872646	-3.73921959902439	0.000764170029080044	0.0445892434760813	-0.518208907030917	"ZNF30"
"17068626"	-0.889173944626949	7.65247681981558	-3.73861712112476	0.000765422651446546	0.0445892434760813	-0.519697478658556	NA
"16801527"	-0.532407799066466	6.4529087517565	-3.73571673102388	0.000771480938485549	0.0448292453878273	-0.526862508481381	NA
"17000518"	0.857919852505852	7.52245105787672	3.73393194435067	0.000775232149945377	0.0449343206310445	-0.531270675945459	"HSPA9"
"16873060"	0.39778163356101	11.2757239102048	3.72919304974776	0.000785278598330898	0.0454028453589967	-0.542971686044513	"PLAUR"
"16889721"	-0.696488059762833	7.77536214164935	-3.7267440677352	0.000790519997051568	0.0455015873719182	-0.549016643204168	NA
"16899926"	-0.588829046077941	4.23883696311026	-3.72655719108322	0.000790921352683493	0.0455015873719182	-0.549477866989299	NA
"16708020"	0.417813116639852	6.05577650480217	3.72550612671617	0.000793182425159653	0.0455184365922265	-0.552071819318287	"HOGA1"
"16737151"	-0.398634988165164	7.92865152535422	-3.7220460809027	0.000800670287895218	0.0456899397496924	-0.560609246787577	"CSTF3"
"16918656"	-0.871065683843671	3.63430104942264	-3.72156572459274	0.000801715247600357	0.0456899397496924	-0.561794284343549	NA
"16857916"	0.51172998131735	10.4001660876915	3.72139002749684	0.000802097787796736	0.0456899397496924	-0.562227715804932	NA
"16965002"	0.40294872930232	6.79077812936455	3.71446433368268	0.000817319233797557	0.0459912595597459	-0.579307430429079	NA
"16965015"	0.40294872930232	6.79077812936455	3.71446433368268	0.000817319233797557	0.0459912595597459	-0.579307430429079	NA
"17118220"	-0.465496167432892	8.11297802956279	-3.71379895761951	0.000818796326195464	0.0459912595597459	-0.580947778488597	"HCG8"
"17118234"	-0.465496167432892	8.11297802956279	-3.71379895761951	0.000818796326195464	0.0459912595597459	-0.580947778488597	"HCG8"
"17118236"	-0.465496167432892	8.11297802956279	-3.71379895761951	0.000818796326195464	0.0459912595597459	-0.580947778488597	"HCG8"
"16928668"	-0.30693618416893	6.98838164198939	-3.71356362808256	0.000819319364319423	0.0459912595597459	-0.581527911543682	"HSCB"
"17079946"	0.594327391357387	5.58774616814064	3.70776672963455	0.000832306546138218	0.0465812380912669	-0.595814492082643	"BAALC-AS2"
"16722392"	0.661595561563106	7.53678552978704	3.70660213731044	0.000834939716281004	0.0465812380912669	-0.598683748376994	NA
"16725227"	-0.629406273222764	8.20639222238523	-3.70619062603882	0.000835872089240964	0.0465812380912669	-0.599697533747123	"MS4A14"
"17085498"	-0.84874600085587	4.71670682535752	-3.70449901376393	0.000839715475453887	0.0465841956578045	-0.603864533935194	NA
"16815807"	0.586417593934312	9.19985626894311	3.70439440362785	0.000839953715972866	0.0465841956578045	-0.604122202185902	"ATF7IP2"
"17107118"	-0.553085169038035	7.19846868041516	-3.70216476503909	0.00084504718905227	0.0467545606249087	-0.609613504501693	"ZNF449"
"16707319"	0.38398175617832	5.76288613629951	3.70104687592886	0.000847612234353398	0.0467845540426994	-0.612366295161673	"LINC00502"
"17117414"	-0.655423446384996	8.26835329497795	-3.69866863736642	0.000853094426346503	0.0469750352336085	-0.618221746473385	"LOC100128751"
"16675197"	-0.470282127935162	7.17513310395556	-3.69720604443818	0.000856483030336826	0.0469825137388641	-0.621822156322153	"PLA2G4A"
"16827546"	-0.361041758393364	10.2597893105443	-3.69685717396947	0.000857293241570486	0.0469825137388641	-0.622680886165414	"DPEP2"
"16678103"	-0.508010728544231	2.55373978794743	-3.69564993673461	0.000860102667134055	0.0470250458222442	-0.625652236815093	NA
"16958522"	0.484117885024998	4.9278011854903	3.69434036457878	0.000863160366672521	0.0470809193397061	-0.628875089292007	"MIR548I1"
"17041421"	-0.381265775442636	8.14436108480485	-3.69189781369572	0.000868891712301665	0.0472016009249319	-0.634885159077411	"ZBTB9"
"16858007"	-0.515818621575796	6.87284204542536	-3.6916586709017	0.000869454836079949	0.0472016009249319	-0.635473514074094	"ZNF561-AS1"
"17071265"	-0.39318415185944	6.66660774863308	-3.68709965074593	0.000880258355638222	0.0476112011243712	-0.646687429112141	"POP1"
"16751999"	0.655520446426141	10.5859797148996	3.68673962325103	0.000881117052848655	0.0476112011243712	-0.647572794240365	NA
"16984422"	-0.391064868712183	8.09657988302281	-3.68552426699919	0.000884021803982375	0.0476568117965044	-0.650561330787429	"LOC153684"
"16706236"	-0.528211562842481	5.43661149113488	-3.68462937239606	0.000886166588359043	0.047661336485999	-0.652761642780685	NA
"16769807"	-0.579312493499764	4.17838378913983	-3.68329471866117	0.000889374741081447	0.0477228993897694	-0.656042867149764	NA
"17041432"	-0.37215140788474	9.11602846348997	-3.6800089333669	0.000897321089100481	0.0480378352491362	-0.664119176794915	"TRIM27"
"16811168"	-0.627181810843948	4.224069191878	-3.67860722990311	0.000900731934560164	0.0481090703246488	-0.667563745340433	NA
"16707955"	-0.36914121770606	9.41329148183787	-3.67728471881833	0.000903961630072094	0.048170324006169	-0.670813290888985	"FRAT1"
"16657447"	-0.736280134936783	4.95877963558488	-3.67340722614304	0.000913495847990747	0.0485664792562805	-0.68033836487871	NA
"16868481"	-0.692203961629053	8.2473392741385	-3.66919582494996	0.00092396182498532	0.0490102411156777	-0.690679749110897	"OLFM2"
"16713362"	-0.599563247183939	8.62105936487437	-3.66730439804165	0.000928700145446644	0.0491488518621156	-0.695322939355535	NA
"16742831"	0.588896533076422	6.09150701723531	3.66498486555575	0.000934543179836635	0.0492348742096807	-0.701015934109885	"SNORA70E"
"17104376"	0.366612829219092	4.79907376039109	3.66448933797651	0.000935796064976271	0.0492348742096807	-0.702231980593679	"LINC00269"
"16995938"	-0.378018114606173	5.9848223449292	-3.66384222901682	0.000937434664011042	0.0492348742096807	-0.703819928306575	"C5orf34"
"17095332"	0.531611352368321	9.97620933638213	3.66328765692363	0.000938841160828001	0.0492348742096807	-0.705180721112444	NA
"17059026"	-0.423862790280049	4.45337563416185	-3.66162532556336	0.000943069434664285	0.0492428456530678	-0.709259271299194	NA
"16791371"	-0.369865524734948	8.47124059791355	-3.66155385593336	0.000943251637666322	0.0492428456530678	-0.70943460843756	"RIPK3"
"17014585"	-0.434326565266471	5.26551019732242	-3.65759502197366	0.000953397789520216	0.0496604294554821	-0.719144988299766	NA
"16703889"	0.387231774996906	6.39924519339683	3.6561061926607	0.00095724090124214	0.0497276354473581	-0.722795895847096	NA
"16777627"	-0.701724004352303	6.76629142670755	-3.65543111620639	0.000958988429520549	0.0497276354473581	-0.724451147024989	NA
"16949051"	0.482959135598957	5.05071536890118	3.6544036726018	0.00096165405789752	0.0497543029015569	-0.726970178023123	NA
"16864925"	-0.382406166106795	7.80544014559464	-3.65178617762874	0.000968477525850439	0.0499954904918373	-0.733386489260214	"ZNF845"
