"logFC"	"AveExpr"	"t"	"P.Value"	"adj.P.Val"	"B"	"Symbol"
"16768006"	1.26236198042447	5.74040777826355	8.30070226079221	2.56027550874542e-09	4.84978251704888e-05	10.9712597230045	"MIR618"
"17005001"	-1.21343533682871	8.43528168843743	-8.11024846927442	4.19404377312136e-09	4.84978251704888e-05	10.5318577554387	"CD83"
"17000465"	-0.723933232972925	8.91917512851018	-7.31516600235986	3.45534459745349e-08	0.00026637251501769	8.63852693388851	"ETF1"
"16778460"	0.981710792880325	8.0827006818387	7.14780675239683	5.43721021587499e-08	0.000314365901656352	8.22846663354122	"KBTBD7"
"16728853"	0.858156442851469	7.7700880450711	6.84283091613056	1.25176671878549e-07	0.000578992178107042	7.47172326440605	NA
"16693810"	1.33277971492391	8.62671420875977	6.75425559935815	1.59762896819253e-07	0.000587274587970453	7.24975439000034	NA
"17118158"	-0.919527246602344	8.77131162507133	-6.71559927457191	1.77754231668317e-07	0.000587274587970453	7.15258752369748	NA
"16769900"	0.89817040058093	7.08431558804887	6.63108670222271	2.24571059639303e-07	0.000649206862034769	6.93954840337149	NA
"16922573"	0.800120325531875	6.19458235072297	6.45890477657987	3.62314395828692e-07	0.000903063978634257	6.50303209132613	"MORC3"
"16864165"	-0.793237309709937	9.31289558179992	-6.35637960242371	4.82284579172169e-07	0.000903063978634257	6.24161177566809	NA
"16864166"	-0.793237309709937	9.31289558179992	-6.35637960242371	4.82284579172169e-07	0.000903063978634257	6.24161177566809	NA
"16832568"	-0.838502768155946	10.2757180314415	-6.32511276081364	5.26331670511394e-07	0.000903063978634257	6.16167572995993	NA
"16752018"	-0.861919468150239	10.0026916274593	-6.32282817911105	5.29705116781218e-07	0.000903063978634257	6.15583124688482	NA
"16745154"	-0.749913962505733	10.0662701750577	-6.28437237973706	5.89883036679713e-07	0.000903063978634257	6.05737636860488	NA
"16722392"	-1.11528772704626	7.53678552978704	-6.24842141174409	6.52376418290629e-07	0.000903063978634257	5.9652063517067	NA
"16726825"	0.808933554837141	7.734341364039	6.2376773646807	6.7231991746979e-07	0.000903063978634257	5.9376374890055	"CDC42EP2"
"16855182"	-0.824389208421982	8.45341562407483	-6.19629697515446	7.55055644195924e-07	0.000903063978634257	5.83135724493864	NA
"16855183"	-0.824389208421982	8.45341562407483	-6.19629697515446	7.55055644195924e-07	0.000903063978634257	5.83135724493864	NA
"16964904"	-0.577863693225848	7.40533721982268	-6.19506264989982	7.57675504964206e-07	0.000903063978634257	5.82818463857912	NA
"16900441"	-0.953553604108922	8.61500655328942	-6.18427754950691	7.80960763293343e-07	0.000903063978634257	5.80045767563793	"DUSP2"
"16926200"	-0.816962847741375	7.68784536004127	-6.12704412129887	9.17171906755148e-07	0.00101006831845363	5.65314596642336	"SIK1"
"17013722"	-1.54153869134061	5.45288479897147	-6.07862933873044	1.05096936950292e-06	0.0010671515489376	5.52831174668385	NA
"16971417"	-0.717750425271742	9.87925265392589	-6.0751566171813	1.06129137482444e-06	0.0010671515489376	5.51935001061128	NA
"17075594"	0.573549248873984	6.52530688818686	6.00812265627439	1.28183924774744e-06	0.00123521234511063	5.34616949197314	"GNRH1"
"16752014"	-0.89709327891442	9.80558923805174	-5.96736552701321	1.43796610527699e-06	0.00131245336978825	5.24070148598023	NA
"16805538"	0.78419458244904	6.15200213599167	5.94715949713333	1.52233695961915e-06	0.00131245336978825	5.18836726778153	"LUNAR1"
"17058249"	-0.726076130751244	9.63259284897978	-5.94486089182531	1.53224546998239e-06	0.00131245336978825	5.18241188971471	"SBDS"
"16761201"	-1.60665618044032	9.11852187465441	-5.92541226555467	1.61872507532341e-06	0.0013370091006073	5.13200760475765	"CD69"
"16755533"	-0.925702576492744	10.3414926431053	-5.89681548697257	1.75489285701448e-06	0.00139949679669565	5.05784486704827	NA
"16903897"	-1.49950798795901	8.43565120680816	-5.80311224474774	2.28729306097249e-06	0.00175847968323868	4.81444231646794	"NR4A2"
"17016530"	0.65461914638045	7.78461341632672	5.79248895033413	2.357109446984e-06	0.00175847968323868	4.78681120635157	"ZKSCAN4"
"16709242"	0.653407126130999	8.22072943982485	5.77781349217417	2.4570973759873e-06	0.00177579034420182	4.74862890706043	NA
"16755525"	-0.663200143000298	10.7652646134473	-5.76415716101988	2.55397102258813e-06	0.00178986932846654	4.71308632183938	NA
"16998059"	0.590701544286409	11.6415821788398	5.73431306065233	2.77925869329547e-06	0.0018856561284899	4.63537402761856	"ARRDC3"
"16740630"	-0.913936270413855	6.62506669963348	-5.72498195212402	2.85371922415993e-06	0.0018856561284899	4.6110657313645	"FOSL1"
"16790261"	-0.697804607927978	11.2364235159654	-5.69625306525722	3.09580300702821e-06	0.00193470768813764	4.53619384321136	NA
"16839524"	-0.873500122616051	7.91835929076244	-5.69274800873475	3.1267177380708e-06	0.00193470768813764	4.52705600962141	NA
"16664005"	-0.859445734030809	9.52271239174831	-5.68690768839311	3.17892040252649e-06	0.00193470768813764	4.51182856474086	"PLK3"
"16896744"	1.09483415183488	7.05142123236047	5.67337476468672	3.30327361003949e-06	0.00195884125075342	4.47653720955244	NA
"16675301"	-1.72741082606947	6.78593140648916	-5.6520341213673	3.50938064458257e-06	0.00202903615418153	4.42086528082342	"RGS1"
"16739606"	-0.544794404833164	11.5932600908809	-5.62698907257117	3.76780811407865e-06	0.00207653856182736	4.35550012840327	NA
"16971428"	-0.804613733679657	10.7670103096946	-5.62667972486421	3.77111685894189e-06	0.00207653856182736	4.35469256731077	NA
"16658609"	0.867877312944549	8.26281532562167	5.59798507508117	4.09107261193876e-06	0.00220033107665832	4.27976447077436	"LOC102724552"
"17048165"	1.38614969295394	3.96896388567206	5.57684593556546	4.34409926014611e-06	0.00228331780884998	4.22454108422577	"CLDN12"
"16898346"	0.964173865945571	6.56752315410838	5.53887826315296	4.83866768946584e-06	0.00245388400144485	4.12530615612797	NA
"17053371"	0.659902117726217	9.09046394283526	5.53582474925081	4.88081740245009e-06	0.00245388400144485	4.11732265828661	"GIMAP8"
"16777624"	0.900471732027722	6.60416689643207	5.52675738252978	5.00816471193233e-06	0.0024643367083587	4.09361355473522	"LINC00412"
"16889631"	-0.943514345363293	7.33597956785859	-5.48867360207096	5.58048309350805e-06	0.00268874651049085	3.9939982497977	"SNORD11"
"17038309"	0.451576776654543	10.5158173141333	5.45047659050282	6.22043499201489e-06	0.00291256207408637	3.89403402699564	NA
"16941659"	0.988616854873497	4.98824438529312	5.44617945841385	6.29688691591294e-06	0.00291256207408637	3.88278505995462	NA
"17110369"	-0.722638669757183	6.95646044852335	-5.43095348315293	6.57544152830524e-06	0.00293835089449138	3.8429219998409	NA
"17036079"	0.572106866267545	8.83567758562559	5.42928287092426	6.60674737378613e-06	0.00293835089449138	3.83854773723899	"TRIM27"
"17109820"	-0.583305924040415	8.35756012369216	-5.40975671358616	6.98392120466091e-06	0.00300918213282769	3.78741503877002	"KLHL15"
"17118421"	0.67555734707528	7.51002258926997	5.39589918718658	7.2646222496829e-06	0.00300918213282769	3.75111997705053	"ZNF322"
"16912362"	-1.19451999002917	6.28446250324014	-5.39164230947043	7.35310008778014e-06	0.00300918213282769	3.73996947284329	"ID1"
"16977309"	-0.638523722919917	7.66784773613685	-5.38829699970817	7.4233884330173e-06	0.00300918213282769	3.73120639550663	"RASGEF1B"
"16755529"	-0.950170479493289	9.3591561715867	-5.38574550982114	7.47745009212398e-06	0.00300918213282769	3.72452253831981	NA
"16691371"	-0.540056403400158	6.21694141792212	-5.37674465227307	7.67133291993151e-06	0.00300918213282769	3.70094262502763	NA
"16707169"	0.865851215539991	4.80741026584748	5.37649338747744	7.67681696012599e-06	0.00300918213282769	3.70028434650437	NA
"17066328"	0.5192123628715	8.5353059834297	5.35738065146993	8.10568909767063e-06	0.00307163908650826	3.65020707273917	NA
"16999578"	-0.59101227744102	9.86757787504649	-5.35395914690502	8.18495996771763e-06	0.00307163908650826	3.64124146350632	NA
"17049700"	1.07094807992233	5.81617955069722	5.35183338157304	8.23460126101578e-06	0.00307163908650826	3.63567103418758	"MIR4653"
"16681390"	-0.616177312660726	7.99106386891386	-5.34405496832939	8.41882897642796e-06	0.00307952892783693	3.61528733343207	NA
"16992672"	1.07508933286077	8.80157894010471	5.33977027428545	8.52206734040575e-06	0.00307952892783693	3.60405851378188	NA
"16899271"	0.53127100409556	7.969835127431	5.32520877926425	8.8824927056369e-06	0.003142026374807	3.56589453543547	"CCDC142"
"16739432"	0.722158852272482	7.10363377919452	5.31694063033868	9.09389993205456e-06	0.003142026374807	3.54422275143965	"INTS5"
"17075390"	-0.779194994073755	8.00793399929787	-5.31622747693217	9.11236880543836e-06	0.003142026374807	3.5423534301122	"BIN3-IT1"
"16932023"	-0.767505514141932	8.51465456838493	-5.31139706421238	9.23845693288693e-06	0.003142026374807	3.5296916708916	"MIR3198-1"
"16989986"	-1.25443032309905	7.90530283100914	-5.30312193257568	9.45853567972648e-06	0.00317025441543528	3.50799939902854	NA
"16884766"	0.483607663935889	8.5029361105241	5.29612964714518	9.64858348539982e-06	0.00318775414666917	3.4896689936656	NA
"17087517"	-1.04614705140522	6.26873100985375	-5.28374011061478	9.99476315516892e-06	0.00325561813365622	3.45718754551066	"NR4A3"
"16764305"	0.876500764013123	9.18496429161791	5.27196473948772	1.03352994289163e-05	0.00331978430406314	3.42631397018509	NA
"16971432"	-0.809544652252455	9.95657795827406	-5.26678507215071	1.04887466329505e-05	0.00332292114219514	3.41273286212599	NA
"16657746"	-0.939949677281302	6.73509184292456	-5.25118797400469	1.09647165262698e-05	0.0034267702581492	3.37183496978342	NA
"17079672"	-0.550243041213204	9.10975261183528	-5.23030447129517	1.16360236576397e-05	0.00358808425506978	3.31707063931368	NA
"16784410"	-1.15754385241993	6.05278071350158	-5.22388424920471	1.18505536856266e-05	0.00359449037330128	3.30023347414305	NA
"16859268"	-0.651996468708724	8.63610470392073	-5.22042889819145	1.19676464195182e-05	0.00359449037330128	3.29117157868312	NA
"16898728"	0.477258033801879	8.80712407274619	5.18682873686763	1.31683698471413e-05	0.00389103329713776	3.20304776627215	"TIA1"
"16751999"	-0.921662302218053	10.5859797148996	-5.18355902911856	1.32914615157125e-05	0.00389103329713776	3.19447183487972	NA
"16690890"	0.460370964202463	8.66551133190742	5.16985341609718	1.38200663343632e-05	0.00397721783242439	3.15852359395885	NA
"16808993"	-0.922066851273237	8.11280705188613	-5.16707384617064	1.39298069108131e-05	0.00397721783242439	3.15123300840729	NA
"16895431"	0.581640223191963	6.73962067257545	5.16097507457275	1.41736554701831e-05	0.00399748939096249	3.13523633810861	"ASXL2"
"16837391"	0.978025590866574	9.95168627970726	5.15596425373006	1.43771939715002e-05	0.00400604054191427	3.12209321267155	"KCNJ2"
"17059442"	-0.844878005858373	8.62725242035906	-5.1478436693183	1.47132724125181e-05	0.00403228493224276	3.10079322738174	NA
"16840846"	-1.27485935464424	9.4088813710811	-5.14530144985046	1.48200899053329e-05	0.00403228493224276	3.09412506199805	NA
"17012946"	-0.92215532300574	10.6856051149606	-5.13122730946178	1.54256249956632e-05	0.00413737822958414	3.05720894948562	"TNFAIP3"
"16836504"	0.573646830303328	6.33451672712336	5.12412249126763	1.57406352437621e-05	0.00413737822958414	3.03857321741735	"SMG8"
"16929560"	-0.699363249319973	5.72825019853441	-5.12406880380696	1.57430399188569e-05	0.00413737822958414	3.0384323969838	"MIR3909"
"16818391"	-0.748668350406487	7.44636370673692	-5.10597765856933	1.65746075066061e-05	0.00430697694163234	2.99098026513364	"LOC101928829"
"16755526"	-0.870170917870912	9.45876967532243	-5.08016386824943	1.78376779552514e-05	0.00458368864523443	2.92327417335962	NA
"16752017"	-0.704728672384125	10.5721502101304	-5.06682988183414	1.85273080424508e-05	0.00463702780589178	2.88830248193422	NA
"16774831"	0.528152764856445	7.76531993287715	5.06553539456406	1.85956600301162e-05	0.00463702780589178	2.88490743882933	"ARL11"
"16920454"	0.447425933467096	10.2700208920296	5.06457076158027	1.86467585916001e-05	0.00463702780589178	2.88237751122075	"ZNF217"
"16946900"	0.715596335997724	7.85210359762682	5.0471544453884	1.95938287644428e-05	0.00482070721101349	2.83670144067144	"TSC22D2"
"17007475"	-0.409541423546704	9.58150493667644	-5.0371186288739	2.0161210544832e-05	0.00489480360830672	2.81038286547961	"PHF1"
"17006863"	0.408234672627714	10.7233325351352	5.03407229701843	2.03366596910651e-05	0.00489480360830672	2.80239419107078	NA
"17016624"	0.495994976199402	9.17992280609479	5.02357083966701	2.09532389511119e-05	0.00489480360830672	2.77485612418397	"TRIM27"
"17026472"	0.495994976199402	9.17992280609479	5.02357083966701	2.09532389511119e-05	0.00489480360830672	2.77485612418397	"TRIM27"
"17038817"	0.495994976199402	9.17992280609479	5.02357083966701	2.09532389511119e-05	0.00489480360830672	2.77485612418397	"TRIM27"
"16889819"	-0.806351763990044	7.83372297526497	-5.00153913341645	2.23080864529097e-05	0.00515919115396442	2.71708704294518	"CTLA4"
"16972819"	0.615060444201943	8.17963665408648	4.956231955822	2.53750823203885e-05	0.00580829773838557	2.59831308500097	NA
"16745148"	-0.587454753304364	8.5316343956724	-4.95109547862601	2.57483076434032e-05	0.00580829773838557	2.58485021888866	"RPS25"
"17076009"	-0.417482680189208	11.0668884202439	-4.94946073975553	2.58682348360667e-05	0.00580829773838557	2.58056563807692	"SARAF"
"16692620"	0.820994135853678	7.53989077212669	4.9357600521826	2.68954808848799e-05	0.00589432953549275	2.54465909661013	NA
"16938269"	0.885901467777041	6.16948089804627	4.93253995047786	2.71427591501653e-05	0.00589432953549275	2.53622054298921	NA
"17012340"	0.699733862963855	7.63325026917897	4.93188789879173	2.71931067585918e-05	0.00589432953549275	2.53451181587745	NA
"16896296"	0.694455311374844	8.29920234368306	4.93088323187365	2.72708635057606e-05	0.00589432953549275	2.5318790669078	"NLRC4"
"17041368"	-0.4036610037719	9.67292384784458	-4.92528844966581	2.77079453502762e-05	0.00593334863070221	2.51721828711899	"PHF1"
"16965027"	-0.538812885844021	6.47956057578954	-4.9183929664612	2.82562581519269e-05	0.00595806987697455	2.49915018553869	"USP17L5"
"17078271"	-0.635701084249056	7.12610133631368	-4.91736850672722	2.83386382352748e-05	0.00595806987697455	2.49646591792685	NA
"16924320"	0.500602946413738	5.02774288836223	4.91210204977924	2.87659235547064e-05	0.00599341904549276	2.48266729511736	"C21orf91-OT1"
"16753886"	1.27856268536624	6.36459878126351	4.89196014658885	3.04601631994642e-05	0.0062897517349465	2.42990059010665	NA
"16835631"	-0.684976898429438	8.68249257486588	-4.88508428776507	3.10609971984271e-05	0.00635705913458428	2.41189024779025	NA
"16663282"	0.852248244713766	6.82359948877242	4.8797496358803	3.15352757977058e-05	0.00636924965697563	2.397917861727	"CCDC30"
"16954900"	0.44324454305581	7.76072922323676	4.87623352723196	3.18518131354643e-05	0.00636924965697563	2.38870903800015	"GLT8D1"
"16670377"	0.676319883068206	9.98153275075819	4.87216346289038	3.22221736440588e-05	0.00636924965697563	2.37804986740634	NA
"16692626"	0.676319883068206	9.98153275075819	4.87216346289038	3.22221736440588e-05	0.00636924965697563	2.37804986740634	NA
"16943467"	-0.444724493387703	10.2058758250527	-4.86589494653247	3.28009910966109e-05	0.00642871628043491	2.36163416405512	"NFKBIZ"
"17094586"	-0.599871750732612	7.67743340569274	-4.86046193564855	3.3311028891858e-05	0.0064530964435754	2.34740748191998	NA
"16999769"	0.705235578460242	9.05061774557009	4.85864407379891	3.34834424365049e-05	0.0064530964435754	2.3426475148545	NA
"17075601"	0.465825442118365	6.65210797265961	4.843412585235	3.49634137520427e-05	0.00668263528796274	2.30276917572653	NA
"16751420"	-0.699745984848288	7.19423589797234	-4.8388833505511	3.54159307275726e-05	0.0067136412289883	2.29091252711636	"GRASP"
"16918662"	0.588862765130645	7.69198013638554	4.83392410987888	3.59180984926789e-05	0.00672281191003335	2.27793105906542	NA
"16766734"	0.649514382661637	7.74657566039718	4.83267505231035	3.60456901822171e-05	0.00672281191003335	2.27466162797193	NA
"16745155"	-0.888342610148883	7.89560285174081	-4.82462755262521	3.68786306486857e-05	0.00682313672809724	2.25359854530032	NA
"17016375"	0.71371474719838	5.13476135878448	4.81940244502974	3.74296732539074e-05	0.00684277730141997	2.23992395182918	"HIST1H1T"
"16840235"	0.664665313131906	7.38618970362383	4.81602805192596	3.77898851466016e-05	0.00684277730141997	2.2310934116876	"ZNF594"
"16990845"	0.702482543184866	10.6777500342636	4.8152593747167	3.7872421610315e-05	0.00684277730141997	2.22908190183867	NA
"16725227"	0.813836546333843	8.20639222238523	4.79218830105745	4.04349225958253e-05	0.00724913530909807	2.16871953400297	"MS4A14"
"16785083"	-1.44444581796527	7.83772561556815	-4.77747395697708	4.21585826946907e-05	0.00750001186138548	2.13023310180954	NA
"16791991"	-0.65009441235563	11.4406790691053	-4.77247074639737	4.27611595475719e-05	0.00754913997600531	2.11714900792284	"NFKBIA"
"16859281"	0.44977234499139	9.78677001095872	4.75704271166004	4.46737337521998e-05	0.00768675339742503	2.07680971252901	"HSH2D"
"16926148"	-0.455464639991503	9.84579204481744	-4.75530911717521	4.48938894131219e-05	0.00768675339742503	2.07227761799465	"U2AF1"
"16671912"	-0.702841452175871	9.48181175480753	-4.75318462217727	4.51651584348157e-05	0.00768675339742503	2.06672379569179	NA
"16855180"	-0.623882304171312	9.29684016497685	-4.7493904459631	4.56536831514622e-05	0.00768675339742503	2.05680565394333	NA
"16855181"	-0.623882304171312	9.29684016497685	-4.7493904459631	4.56536831514622e-05	0.00768675339742503	2.05680565394333	NA
"16935512"	-0.486786681244968	8.80003932612462	-4.74848751818179	4.57707126249008e-05	0.00768675339742503	2.05444546324391	"TNFRSF13C"
"16995711"	-0.958380683380489	6.61674411263683	-4.74774439472091	4.58672533767741e-05	0.00768675339742503	2.0525030194899	NA
"16862926"	0.652123218320525	7.28336345821054	4.73634344689969	4.73740038032408e-05	0.00788214810041402	2.02270556629273	"ZNF225"
"16920528"	-0.618851333101889	5.59856784847631	-4.73163544122675	4.80104747945576e-05	0.00789810159412645	2.01040263091606	NA
"17110365"	-0.835191303602663	7.25491173335338	-4.7288827771276	4.83865345708794e-05	0.00789810159412645	2.00320990216876	"MIR221"
"16729185"	-0.754931784583464	9.15433201034056	-4.728097014601	4.84944189201347e-05	0.00789810159412645	2.00115677041746	NA
"17068628"	1.31336693764216	7.31304725768317	4.72232185747801	4.92947110921749e-05	0.00791342170803744	1.98606773974134	NA
"17104832"	0.544437321684974	9.73807906260825	4.71919191430147	4.97339127708532e-05	0.00791342170803744	1.97789070778614	"NHSL2"
"16866031"	0.519792686051677	7.09882728006075	4.71831591424025	4.98575303004189e-05	0.00791342170803744	1.97560223369358	"ZNF17"
"17041432"	0.476778573940567	9.11602846348997	4.71461177941486	5.03836264664407e-05	0.00791342170803744	1.96592594884922	"TRIM27"
"16971416"	-0.785186450386647	8.75538995276334	-4.71451606007112	5.03972942922275e-05	0.00791342170803744	1.96567591148931	NA
"16738815"	0.556124068219511	6.15511631750593	4.71281002441207	5.06415191243802e-05	0.00791342170803744	1.96121949927546	NA
"17078751"	-0.740620488580903	5.49279412948869	-4.70988482553658	5.10630110604855e-05	0.00792573326708622	1.95357881677826	NA
"16843417"	0.587434589649537	7.27702836754264	4.70204113985715	5.22104891136588e-05	0.00804981321154391	1.93309321352703	"SLFN12"
"16817017"	0.531799627090964	6.92736079844262	4.69257407499211	5.36296210957199e-05	0.00821385594093189	1.90837226582704	"PLK1"
"16950672"	0.466931105139956	7.56566535211513	4.68615821694719	5.46130868266047e-05	0.0082748434049444	1.89162165207598	"GHRL"
"16773473"	-0.522554975229482	8.31917709961578	-4.68400234346892	5.49475578643511e-05	0.0082748434049444	1.88599359074832	NA
"17079418"	-0.537524911467079	12.2840480800701	-4.68288984381527	5.51209505955784e-05	0.0082748434049444	1.88308943504496	NA
"17004045"	0.402703515407016	6.29261866314931	4.68073073396792	5.54590187990825e-05	0.0082748434049444	1.87745332938142	NA
"17046838"	-0.498261548383602	6.79648274813796	-4.67363340813537	5.65848763396124e-05	0.00838870791734754	1.85892848585448	"SBDSP1"
"16981502"	0.702970053122693	7.45779774692072	4.62808126062807	6.43709198449216e-05	0.00942377907134493	1.74010463325868	NA
"17059955"	0.897324980872568	9.00343569655484	4.62802170386507	6.43817656104337e-05	0.00942377907134493	1.73994936360084	"PDK4"
"17075392"	-1.5580729325739	6.31886533579864	-4.62469543355285	6.49903936048213e-05	0.0094530366848975	1.73127785571292	"LOC286058"
"16873329"	-0.644393499781979	6.93540378870081	-4.60829248624684	6.80762455734186e-05	0.00983999582110283	1.68852648787532	NA
"17099246"	-0.592981356469407	9.57588514753215	-4.60293857546261	6.91145948016815e-05	0.00992803250918315	1.67457640250165	NA
"17028529"	0.43957069634679	8.94171084137931	4.59557487494499	7.05684333628754e-05	0.0100742972739705	1.65539286051022	"TRIM27"
"17056857"	0.792693165485503	5.38428142971989	4.57780274383997	7.42033674940985e-05	0.0105282287118774	1.60910952603819	NA
"17047367"	0.656991656888451	6.87845198493846	4.57203033527906	7.54234782367325e-05	0.010571628976854	1.59408153368327	NA
"17058392"	0.656991656888451	6.87845198493846	4.57203033527906	7.54234782367325e-05	0.010571628976854	1.59408153368327	NA
"16757248"	1.16141966142295	5.35176108378738	4.5690436650653	7.60625555736597e-05	0.0105969802575423	1.5863069405879	NA
"16800301"	-0.595776723678733	8.00246350044225	-4.55363313816485	7.94463334727288e-05	0.0110021278696036	1.54620239054211	NA
"16773478"	-0.745482393955653	8.04706340791198	-4.54139308016069	8.22399080856437e-05	0.0113212044898612	1.51436156111295	NA
"17016421"	0.65412857274773	5.49590129411889	4.53821405784316	8.29812484246382e-05	0.0113556646882639	1.5060936703485	"ZNF322"
"16916462"	0.649071908973985	9.53861673904561	4.52481879459222	8.61784055604726e-05	0.0116909792171803	1.47126449697345	"SIRPB2"
"16755524"	-0.585003263422255	10.5236776985691	-4.52373410529752	8.64425756102314e-05	0.0116909792171803	1.46844481104824	NA
"17045258"	0.506248093494518	7.6744951607798	4.51322926813673	8.9042833272118e-05	0.0119188562766323	1.44114207253338	"GPR141"
"16792191"	-0.450851550545392	5.50305691657657	-4.51277018763618	8.91582192181167e-05	0.0119188562766323	1.43994909874844	NA
"16697245"	-0.504945882751198	10.7789512300146	-4.50898821150741	9.0114438794457e-05	0.0119774518735598	1.43012185738241	"IVNS1ABP"
"16968495"	-0.63955481197283	7.51329360611394	-4.49626078669941	9.3407599724317e-05	0.012344214621853	1.39705914745344	NA
"16718376"	-0.52458888014444	9.54760725222843	-4.48375223577077	9.67601651587223e-05	0.0126508842762847	1.36457839779315	NA
"16862918"	0.475288160996588	7.61145181562164	4.48352492631647	9.68221782722531e-05	0.0126508842762847	1.36398827164254	"ZNF224"
"17075444"	0.556240246595334	6.92617958147438	4.48022120780487	9.77279314270722e-05	0.0126974936523253	1.35541187748587	NA
"17000518"	-1.02750528315955	7.52245105787672	-4.47202007107343	0.000100012781427955	0.0129217631066163	1.33412600122254	"HSPA9"
"16896875"	-0.527789552212565	6.44196708600304	-4.46747561275199	0.000101301558340051	0.0130155618873909	1.32233351419076	NA
"16774079"	0.549320963232424	5.92732396942554	4.46368622482985	0.000102388758141275	0.0130350373870814	1.31250177950963	NA
"16880663"	0.771300228375978	8.86379444715073	4.46302241162289	0.000102580395401428	0.0130350373870814	1.31077961926667	NA
"16960911"	0.490027658522729	7.66065348340772	4.458951687604	0.000103763365151162	0.0131133079008247	1.30021962632143	"LXN"
"17011624"	0.554046773076912	7.43160500998012	4.4516624744353	0.000105915464096377	0.0133125377073745	1.28131420538932	NA
"16863287"	-1.09991324687102	8.3823760546268	-4.44667029201636	0.00010741479755755	0.0134176008702078	1.26836920739456	"FOSB"
"17001147"	-0.657190837857014	9.09139759808031	-4.4435430460502	0.000108364699339885	0.0134176008702078	1.26026126275749	NA
"16769106"	-0.750307192557646	4.98133983586113	-4.44312645351604	0.000108491865037785	0.0134176008702078	1.25918124059398	NA
"16751993"	-0.64528279342915	9.56895877166026	-4.43521661723708	0.000110934560557493	0.0135978789981587	1.23867795179701	NA
"16950895"	-0.560494356910922	7.53539844313482	-4.43433499335525	0.000111210168357995	0.0135978789981587	1.23639303586715	"RPL32"
"17023855"	0.86027571610059	7.80214872558434	4.43147878925829	0.000112107716507856	0.0135978789981587	1.22899107950823	NA
"16922571"	0.512969035768339	8.48777268248845	4.43052774589098	0.000112408164241274	0.0135978789981587	1.22652658771518	"MORC3"
"16983746"	-0.442926050319045	8.31653826141593	-4.42900971074364	0.000112889383302913	0.0135978789981587	1.22259299654769	"SUB1"
"16706424"	-0.470374645268212	10.4982060938058	-4.41918760757141	0.000116052612893037	0.0139064703542864	1.19714691271455	NA
"16846913"	0.749304676888329	7.23604750800969	4.41137515385347	0.000118631074438954	0.0141421693739674	1.17691387993588	"MTVR2"
"17066815"	0.355326344496664	10.6945720927457	4.39606485476673	0.000123849511987215	0.0146885521216837	1.13728002363937	NA
"16926011"	-0.42529148724746	8.679156239759	-4.38720524771899	0.000126972232957723	0.0149820756714962	1.11435583040388	"ZBTB21"
"16691383"	0.712777778064242	7.2771936503056	4.38196384849502	0.000128856154818946	0.0151271893020191	1.10079749186619	NA
"17091883"	0.797783966905323	9.78101797207163	4.37952744538639	0.000129741251697202	0.0151541713535414	1.0944960163213	NA
"16832566"	-0.748580210408415	9.91067492440316	-4.37455787210586	0.000131565263058467	0.0152899991897144	1.08164468870477	NA
"16975296"	-0.421363803240103	11.6182445266271	-4.37017753667186	0.000133193995723877	0.0153879409817683	1.07031925911522	NA
"16907225"	0.526690757527057	6.27165282629741	4.36785394648601	0.000134066041694291	0.0153879409817683	1.06431239245184	"CFLAR-AS1"
"17001843"	0.495568086030245	8.53633015132781	4.36695714216728	0.00013440411978714	0.0153879409817683	1.06199415583025	NA
"16827546"	0.42515792873756	10.2597893105443	4.35336938839908	0.000139630683561216	0.0158394074217251	1.02688026687255	"DPEP2"
"16825842"	0.384070676472465	7.64543612316345	4.35314878221969	0.000139717175337567	0.0158394074217251	1.02631033206429	"ZNF785"
"17049170"	0.410828458584124	9.71656523590824	4.3491995557017	0.00014127450760405	0.0159378318895554	1.01610841386052	"LAMTOR4"
"17102390"	0.886710850233966	7.00467808177647	4.3381272601837	0.000145732724005812	0.0163609743110797	0.987514703297185	NA
"16830575"	-0.75601247261462	10.2059086754662	-4.33317000514263	0.000147773491887862	0.0164634198567383	0.974717164347863	NA
"16663376"	0.592789978863553	7.12103131699759	4.33245783539518	0.00014806898128601	0.0164634198567383	0.972878865786508	"ZNF691"
"16673928"	0.857645813938467	8.32529814154156	4.32870218403729	0.000149636929995536	0.0165581496651041	0.963185466789565	"FASLG"
"17070665"	0.380368998104544	8.39398171405066	4.32596516962804	0.000150789921219129	0.0165898762865983	0.956122176209859	"DECR1"
"16924521"	0.829865907725561	5.19317989388371	4.32462347304583	0.000151358321289932	0.0165898762865983	0.95266002575644	"LINC00515"
"17060270"	-0.495416972566934	9.81976253166908	-4.32082281616187	0.000152979947689788	0.0166885247651968	0.942853803681409	"ZNF394"
"16849308"	-0.419477002248298	8.72482986726065	-4.31773027466382	0.000154312085685638	0.0167537032711694	0.934875818475378	"JMJD6"
"17000724"	-0.992892469795801	6.38240264036059	-4.31506445617424	0.000155469592552438	0.0167537032711694	0.9279995409579	"HBEGF"
"16948021"	0.451587109361082	7.30928117313669	4.31135832047549	0.000157093057337408	0.0167537032711694	0.918441186508531	"ECT2"
"16971433"	-1.19891669431131	5.87590548891289	-4.31111657337369	0.000157199533439001	0.0167537032711694	0.917817760139568	NA
"16971434"	-1.19891669431131	5.87590548891289	-4.31111657337369	0.000157199533439001	0.0167537032711694	0.917817760139568	NA
"16867775"	0.535071016361025	9.05510510450229	4.30780273578835	0.000158666292855807	0.0168324557563131	0.909272587663195	"TNFSF14"
"16672654"	0.65052793042093	9.19188532059596	4.29692959034951	0.000163574414279515	0.017273906296997	0.881243622855449	"SLAMF7"
"16869653"	-0.463650079128589	9.62622503665697	-4.2882599485938	0.000167594944581595	0.0176180376515389	0.858904758303311	"DNAJB1"
"16790467"	1.22695644360152	7.24679086498346	4.26110430322685	0.000180829636300997	0.0188071726722614	0.788991401550504	NA
"16827494"	0.397181039890866	8.44826986588795	4.26048647504766	0.00018114243181976	0.0188071726722614	0.787401816696195	"LCAT"
"16948236"	-0.537771477529431	7.43934679623227	-4.26008405503751	0.00018134645677841	0.0188071726722614	0.786366471917776	"ZNF639"
"16748162"	0.52307701310698	7.21091516538505	4.25712977914064	0.000182851212068648	0.018878571346034	0.778766331301635	NA
"16895954"	0.402897499779955	6.99216718562551	4.25505307574439	0.000183916337640634	0.018904147291622	0.77342446916153	"CCDC121"
"17109893"	0.448492379037429	8.6842601305514	4.25176798728526	0.000185613736657214	0.018994198618015	0.764975392831278	"CXorf21"
"16670803"	0.527662157901393	6.90270386848034	4.2457594802132	0.000188758362300674	0.0192136188839506	0.749525300146136	NA
"17076155"	0.410492631765958	7.51105912636983	4.2445087602977	0.000189419514227558	0.0192136188839506	0.746309804550198	"TTI2"
"17025227"	0.498320777337102	5.81575095879044	4.24210360735153	0.000190697339739639	0.0192178079047038	0.740126910972018	NA
"16939499"	-0.849862381793857	10.2030607076834	-4.24130641469005	0.000191122749084701	0.0192178079047038	0.738077739396598	NA
"16864639"	0.666677679922811	9.72717552676884	4.23419830939141	0.000194957456657843	0.019518532900978	0.719810015247387	"SIGLEC9"
"16660684"	-0.548788882623588	10.6746194745709	-4.23170446551941	0.000196320729791341	0.0195447997331786	0.713402394651578	NA
"16866931"	0.49465251630431	9.04784277026556	4.23063172686571	0.000196910033200615	0.0195447997331786	0.710646370715966	"C19orf35"
"16864901"	0.55537558704687	6.87268714333834	4.22642491925517	0.000199237886215392	0.0196913444209546	0.699839883314562	"ZNF137P"
"16743890"	0.51204550480676	9.70992572299001	4.21257935939832	0.000207092466619267	0.0203805424489523	0.664289420187422	"CASP1"
"16757178"	0.751202124723788	6.15363799386498	4.20552974594982	0.000211208094030094	0.0206105868956232	0.646198145128453	NA
"17101799"	-0.519157312063044	8.7568431985388	-4.20552244728514	0.000211212396517607	0.0206105868956232	0.6461794181131	"SYAP1"
"16692603"	0.898683697792469	7.65191996543729	4.20179567661246	0.000213420600184691	0.0207385639515603	0.636618139601024	"HIST2H2BF"
"16795215"	0.439612891476117	8.2956700312736	4.18796206418051	0.000221817940800207	0.021464366179441	0.601143294810525	"ALKBH1"
"16844509"	0.443290612587402	10.2569468146069	4.18057450353861	0.000226434741296507	0.0218198177581847	0.582209246776042	"KRT23"
"16691400"	0.449978526157398	7.11585807761356	4.17732833649188	0.000228493197640156	0.0218409053188999	0.573891792162238	"LOC100506459"
"17095324"	-0.623915947154911	10.3498089607462	-4.1772511652136	0.000228542356863138	0.0218409053188999	0.573694078493556	NA
"16951797"	0.663912211490164	9.56994994138684	4.17569424174918	0.000229536365950994	0.0218456277174841	0.569705397930961	"EOMES"
"16934476"	0.653503983568235	8.54840749321832	4.17008842720994	0.000233150730926498	0.0220324846823804	0.555346631388562	"APOL2"
"16791371"	0.421194744964849	8.47124059791355	4.16969719908364	0.00023340505673815	0.0220324846823804	0.554344699359357	"RIPK3"
"16747270"	0.361967586309703	9.04689325135869	4.16708675325041	0.000235109031572559	0.0221031161511325	0.547659911989582	"TAPBPL"
"16666353"	0.806206757123985	6.4375904005592	4.16051424458043	0.00023945364402849	0.0224204227750886	0.53083333810796	NA
"16679851"	0.384421977928918	7.43902015171027	4.15069567632849	0.000246091509874737	0.0229490256002945	0.505707670246808	"PGBD2"
"17117853"	-0.552791796172132	6.62375036335637	-4.14139597414925	0.000252545339245865	0.0234562894005587	0.481922383734495	"LOC285097"
"16811684"	-0.439005253915293	5.33283039915479	-4.13820533008207	0.000254797714032675	0.0235708269297347	0.473764717942197	"CYP1A1"
"16692993"	0.538921800976189	6.67495064271622	4.13380288077884	0.000257938002132202	0.023754136871677	0.46251118305348	NA
"16815807"	-0.653981953147964	9.19985626894311	-4.13119782280321	0.000259814091420818	0.023754136871677	0.45585345840185	"ATF7IP2"
"16905516"	0.719648980094156	5.66810745876388	4.13031473696919	0.000260453104747687	0.023754136871677	0.453596787023637	"TTC30B"
"16739536"	0.545330557107714	6.81621643485365	4.12897835347827	0.000261423070257272	0.023754136871677	0.450181957198226	"ZBTB3"
"16765525"	0.63744702033406	8.57751508446929	4.12830264844375	0.000261914857191925	0.023754136871677	0.448455442766115	"NFE2"
"17046683"	-0.432295561875781	8.33265643353815	-4.12347634663937	0.000265454048985559	0.0239810773081602	0.436125551904474	NA
"16769725"	0.47671541816052	8.42469999268423	4.12030860752374	0.000267802505849224	0.024087239163523	0.428034694358971	NA
"16755527"	-0.657160589694918	9.49908049418611	-4.1190888514803	0.000268712228312748	0.024087239163523	0.424919657132667	NA
"16926260"	0.560232169271544	7.37883239891733	4.11480921943151	0.000271928167303586	0.0242814004835136	0.413991985216	"AATBC"
"16972842"	0.477998134821717	4.30881062700519	4.11015232456821	0.000275470584068051	0.0244823379484256	0.402104090120408	NA
"16973210"	0.78833044491765	8.39864294558088	4.10907609718739	0.000276295680569857	0.0244823379484256	0.399357208347439	NA
"16849635"	-0.431235972189075	9.08311827570962	-4.10169344670277	0.000282021472457294	0.0248943152424421	0.380518959362256	"CBX4"
"17053393"	0.599287373339585	9.22455480223188	4.09863036758428	0.00028443119522013	0.0250115598929883	0.372705330450228	"GIMAP2"
"16970906"	0.43847893955906	7.506428107219	4.09480510675254	0.000287468947243648	0.02518293311706	0.362949439101169	"MGST2"
"16939469"	-0.4251298189859	7.60400843823596	-4.08961316045239	0.000291643065497099	0.0254521855688733	0.349711528674947	"EIF1B"
"16692918"	0.403622994103989	10.1436043433024	4.08733386285989	0.00029349428240117	0.0254694573130771	0.343901300811345	"FAM63A"
"16949792"	0.527559713403978	8.74106872718991	4.08666030136474	0.000294043546616145	0.0254694573130771	0.342184456660135	"FAM43A"
"17052237"	-0.96334847107418	5.13288900692537	-4.08323453812684	0.000296852792768863	0.0256168452924085	0.333453589900597	"PP12708"
"17026656"	-0.355451092196887	7.70169942370157	-4.07273920517356	0.000305624428243023	0.0262757477768639	0.306716563993813	"GNL1"
"17000358"	0.367952715740105	7.13740081564082	4.07003862588184	0.00030792234271546	0.0263752593332609	0.299839564345883	"BRD8"
"16971431"	-0.347732415908771	12.0646253594092	-4.06654314908515	0.000310921836568752	0.0265339089089503	0.290940059338824	NA
"16889758"	0.855563006917176	6.5948375710204	4.06012618075756	0.000316503133692855	0.0269109116651274	0.274607417754468	NA
"16776277"	0.652900812118142	6.32273155159076	4.0583068548244	0.000318103348310121	0.0269478979354145	0.269978003008711	NA
"17072752"	-0.396340553397684	5.45397804216508	-4.05155003315609	0.000324116226304052	0.0273570655683716	0.252789351693353	NA
"16860374"	0.423665268594193	3.68195922421716	4.04834408778598	0.000327008073400659	0.0274315250547272	0.244636307809886	NA
"16781997"	1.24594455533587	8.00285567929335	4.04794409953853	0.000327370645354119	0.0274315250547272	0.243619212672901	NA
"16725184"	0.53879875045834	6.89688827516236	4.02875399191543	0.00034523691809228	0.0287621599574139	0.194852734516552	"MS4A4A"
"16858137"	-0.526284208972308	9.28216210438881	-4.02823004294489	0.000345737902372165	0.0287621599574139	0.193522100454524	"ICAM1"
"16882841"	0.496024865227483	7.52602641820445	4.02330721869097	0.000350479920929263	0.0289791249851616	0.181022174506469	"ZNF2"
"17104847"	0.420994478201177	9.38400905138952	4.02292368624322	0.000350852034238995	0.0289791249851616	0.180048485020924	NA
"16862936"	0.398164156828192	7.60184316820451	4.02092366658929	0.000352798794143307	0.0290362196162002	0.174971347085939	"ZNF234"
"16697004"	0.503732355137211	8.38666925186182	4.01961878295993	0.00035407463604095	0.0290378869068051	0.171659199129873	"RNASEL"
"16760714"	0.343848953417243	8.57077813002153	4.01289749754455	0.000360718351527337	0.0294684330540149	0.154603234259166	"C1RL"
"16670850"	-0.417041351247851	9.63262104788199	-4.01154548342266	0.000362069454941294	0.0294684330540149	0.151173266095812	"PSMB4"
"16876663"	-0.981846733331388	6.8151946035891	-4.01047063495001	0.000363147118968922	0.0294684330540149	0.148446666394321	NA
"17081160"	-0.531089485733316	8.09044154370383	-4.00682829043171	0.000366822443499485	0.0295058220484071	0.1392084632091	NA
"17064269"	0.475399461241928	9.61244473866045	4.00442968863919	0.000369262654383482	0.0295058220484071	0.133126024225879	"GIMAP6"
"16984294"	0.498351436104262	7.80304133502693	4.00327970909403	0.000370438220181359	0.0295058220484071	0.130210218782771	"CARD6"
"16991418"	0.61343175300863	6.07956256088717	4.00221067750173	0.000371534327286768	0.0295058220484071	0.127499859250018	"MIR378H"
"17098323"	-0.489018952729955	8.62813976779101	-4.00163625569074	0.000372124610175058	0.0295058220484071	0.126043583846325	NA
"16832255"	0.360735595771683	8.30119043343526	4.00140222964911	0.000372365361701679	0.0295058220484071	0.125450296512128	"DHRS7B"
"17088991"	0.746262687779954	6.01686137556402	4.00123392947166	0.000372538592905906	0.0295058220484071	0.12502363876309	"MIR181A2HG"
"16806844"	0.471293398090875	8.44297891794127	3.99658188562317	0.000377358333779862	0.0297832004191371	0.113232142333469	NA
"16800105"	0.522457366888325	8.62720598060885	3.99537720097311	0.000378616375804311	0.0297832004191371	0.110179237127073	NA
"16743943"	0.454272112928271	7.2387276836891	3.99232621855581	0.000381820909605895	0.029933465004934	0.102448559944943	"MSANTD4"
"16752016"	-0.46790808435067	9.50951456760103	-3.98463869155514	0.000390013678238362	0.0304724538399277	0.0829767180442502	NA
"16707955"	0.39965245142792	9.41329148183787	3.98122935609	0.000393701993094913	0.0305699093114647	0.0743444184847943	"FRAT1"
"16907511"	-0.416532563808176	3.81710426759403	-3.98104293077256	0.000393904655805616	0.0305699093114647	0.073872454989047	NA
"16790776"	0.387594867452488	7.99922621370526	3.97825679003507	0.000396945673125989	0.0307028848909189	0.0668196408241224	"HOMEZ"
"16933623"	0.394700583619661	6.93461627355968	3.97220933615381	0.000403625714854063	0.0311155063580997	0.0515158026971996	NA
"16967794"	0.912424712418826	7.57831198668674	3.96663739495064	0.000409877909995042	0.0314925130380576	0.0374209590392613	NA
"16839030"	-0.719099966042725	8.3935951865918	-3.9558826351253	0.000422215071986578	0.0322814190970313	0.0102310489026287	NA
"16749379"	0.598477513968034	5.57091815148667	3.95382328897657	0.000424618562134055	0.0322814190970313	0.00502699945350837	NA
"16959760"	0.34874095033202	9.96814240983331	3.95343182686414	0.000425076955825583	0.0322814190970313	0.00403784453004707	"COPB2"
"17068614"	-0.541578921288172	9.17377227665247	-3.95156882094633	0.000427265144563368	0.0322814190970313	-0.000669264757630295	NA
"16960807"	-0.361640017430313	10.9285419588948	-3.95025566115642	0.000428814136194702	0.0322814190970313	-0.00398674926310427	"CCNL1"
"16755531"	-0.743891945179861	8.95591637311409	-3.94992667180136	0.00042920306965703	0.0322814190970313	-0.00481783905945843	NA
"16971419"	-0.450660142148283	8.22608846729667	-3.94932402271934	0.000429916421580215	0.0322814190970313	-0.00634019526513274	NA
"16726853"	0.530455784172349	7.14694731208334	3.94277988855997	0.000437737803835312	0.0327623371821982	-0.0228671867038592	"TIGD3"
"16875879"	0.64007246126739	7.19895884442109	3.94093988552284	0.000439961905608427	0.0328225773903422	-0.0275126651432398	NA
"17047685"	0.603773658055503	4.6128379487496	3.93654580407618	0.000445318094589631	0.0331153426803035	-0.0386039819221269	NA
"17090042"	0.632454091809239	7.41397454983542	3.93466970458262	0.000447624371603673	0.0331801565451223	-0.0433384708778188	"C9orf106"
"16744667"	0.345012762200433	7.77265486051649	3.93240473413372	0.000450424265173793	0.0332810286922502	-0.0490534547181465	"BUD13"
"16719125"	0.452126029879759	7.1242970258299	3.9293658737633	0.000454207760599933	0.0334537034375626	-0.0567196525912959	NA
"16804062"	0.348336720245126	9.73167249044917	3.92587455251783	0.000458592988236208	0.0336694604410755	-0.0655251993734218	"TM6SF1"
"16847827"	-0.393681272122882	11.919588944577	-3.92423624555129	0.000460665017946399	0.0337145565507797	-0.0696564431688298	NA
"16804057"	0.40463238265469	4.97134865626514	3.91929628334885	0.000466968388258784	0.0340680691333151	-0.0821103308752411	NA
"16787532"	0.522618201086481	8.19663537172167	3.91491812265557	0.000472625384596284	0.034202046660996	-0.0931441222855751	NA
"16922579"	0.381663798062211	6.40860282881522	3.91335189946217	0.000474665330321523	0.034202046660996	-0.097090437427112	"MORC3"
"16898764"	-0.686777203534565	6.40484194813029	-3.91300943517849	0.000475112523197653	0.034202046660996	-0.0979532626571897	NA
"16788217"	-0.482252397410455	6.5437554785393	-3.91299821102447	0.000475127186769975	0.034202046660996	-0.0979815411006983	NA
"17106597"	0.402179508885439	7.19403430352674	3.91217855657812	0.000476199205467233	0.034202046660996	-0.10004653781037	"SOWAHD"
"16757324"	0.404752592576536	8.97541702576022	3.91043227351804	0.000478491049893178	0.0342602554516394	-0.104445619575474	"OAS1"
"16939510"	0.37633869573049	7.44582298491116	3.9058169431461	0.000484600334839976	0.034490655658219	-0.116069411842388	"ZNF619"
"16795366"	0.996824246179465	7.24697225477134	3.90483263844142	0.00048591308952711	0.034490655658219	-0.118547885281318	"SNORA79"
"16748751"	-0.397284323803023	9.28384439145485	-3.90367487926328	0.000487461630151513	0.034490655658219	-0.121462883524219	"STRAP"
"16744991"	0.448400073543416	10.8095663305039	3.90298360351692	0.000488388534153583	0.034490655658219	-0.123203252964402	"MPZL3"
"16890752"	0.414425585080664	9.31745688185472	3.90240499203236	0.000489165696194744	0.034490655658219	-0.124659907617862	"CXCR2"
"17016503"	0.5228184325551	11.1653464314474	3.8976297070769	0.000495625967814306	0.0348399445521017	-0.136679282870664	"HIST1H3I"
"17079163"	0.722468738718005	5.27054619981795	3.88004733953448	0.000520139357670761	0.036339883862696	-0.180896742886294	"FP6628"
"16840406"	0.824705945479598	7.17056778109535	3.88001083390002	0.000520191466690772	0.036339883862696	-0.180988488507052	NA
"16835313"	0.576103383578744	9.47362161784341	3.87897109782195	0.000521677755109399	0.036339883862696	-0.183601435873264	"TBX21"
"16843462"	0.567907732005832	7.46466832442295	3.87777703045247	0.000523389778922016	0.0363496559072956	-0.186601974383342	"PEX12"
"16863211"	0.384396578283427	7.74661700906137	3.87483278904075	0.000527634655600042	0.0365347505391083	-0.193999301014376	"GEMIN7"
"16707051"	0.604729207679156	5.57636214082083	3.87143279727227	0.000532578483587521	0.036766992805757	-0.202539602019211	NA
"16969837"	1.08843053771826	3.42634807624668	3.86514704779246	0.000541837884493606	0.0370181083824308	-0.218322607399869	NA
"16704012"	0.336845868261774	8.87114660686232	3.86500768127061	0.000542044954513401	0.0370181083824308	-0.218672458137118	NA
"16694178"	0.365870742837268	7.1238791399662	3.86439042151064	0.000542963005671975	0.0370181083824308	-0.220221915076769	"RUSC1-AS1"
"16871531"	-0.360306254753906	8.86728295012479	-3.86410355877775	0.000543390173852653	0.0370181083824308	-0.220941977906564	"NFKBID"
"17086359"	0.887783819918993	7.59477868356811	3.86354747551039	0.000544219174559021	0.0370181083824308	-0.222337773525517	NA
"16978654"	0.840395009158024	7.06638276126795	3.86198973503385	0.00054654801547735	0.0370674954661134	-0.226247454525891	NA
"16804557"	-1.29680345637562	7.41677946958201	-3.8523610689302	0.000561160570038642	0.037947252933578	-0.250403296209425	NA
"16862866"	0.582851676069855	4.54356603712204	3.84954667213173	0.000565503327097941	0.0381294327865716	-0.257460436454892	"ZNF221"
"16676983"	-1.11612826615184	9.88441707632461	-3.84410803651159	0.000573988615212962	0.0385890543721807	-0.27109343700925	"G0S2"
"16898548"	0.590199406142663	8.74810070825615	3.8405647083967	0.000579583626373665	0.0388522623975181	-0.279972307738436	"FBXO48"
"17061430"	0.613003600081793	7.01280257621459	3.837128258041	0.000585060726609225	0.0391060677002646	-0.288580963730576	"LINC01004"
"16856834"	0.513140537477121	7.11447554948193	3.83295744757696	0.000591776184387448	0.0393390964653454	-0.299026079016065	"ZNF555"
"16847319"	0.431779547444419	10.9775927743305	3.83285069890411	0.000591949045269174	0.0393390964653454	-0.29929336769063	NA
"17107118"	0.572247905980084	7.19846868041516	3.83043363479012	0.000595876280110958	0.0394866210032267	-0.30534485406791	"ZNF449"
"16672722"	0.360488610572849	8.88557916656901	3.82652448235037	0.000602281746501085	0.0397808255539224	-0.315129508455096	"NIT1"
"17087951"	0.505638183368836	7.83408916020945	3.82486153450026	0.000605026955024319	0.0397808255539224	-0.319290946752743	NA
"16817821"	0.49660219193816	7.74646226997372	3.8245900338451	0.000605476308858939	0.0397808255539224	-0.319970309298411	"LOC101928595"
"17117445"	0.617803923272438	8.6701680374815	3.82055184304614	0.000612198392967337	0.0400698188523811	-0.330073100974188	NA
"16689312"	0.393598452117724	9.10843796713907	3.81987029765656	0.000613340073236603	0.0400698188523811	-0.331777870974851	"GBP3"
"16934780"	0.453666107126319	7.8805228681639	3.8076714144203	0.000634129761864812	0.0413113211342183	-0.36227519377811	NA
"16916996"	0.391445267181028	7.16525585443839	3.8056347529704	0.000637667031842626	0.0414250714759113	-0.367363879259202	NA
"16858519"	0.351132347548145	6.50476841758332	3.80244992201867	0.000643237058577788	0.0416698696182871	-0.375319592053906	"ZNF441"
"16795149"	0.316181750208312	9.026675338981	3.79902356639501	0.000649282489104665	0.0419440115238089	-0.383876280063413	"VIPAS39"
"16660367"	0.38742127225178	8.72301477881002	3.79694059184546	0.00065298471884988	0.0419601570603244	-0.389076927062256	"PINK1"
"16875219"	0.48150987940685	10.7272670923299	3.7968416480131	0.000653161090574515	0.0419601570603244	-0.389323941602786	"NLRP12"
"16801196"	-0.764029697574053	6.38967728804825	-3.79045615436017	0.000664642300009516	0.0425149657558281	-0.405261073601243	NA
"16818698"	-0.382167344843663	5.68231422838527	-3.78942051255363	0.000666522853548035	0.0425149657558281	-0.407845057124205	NA
"16878541"	-0.610950996713997	7.04320353823176	-3.78898658054405	0.000667312343553665	0.0425149657558281	-0.408927674376606	"SPDYA"
"16876147"	0.598762628874874	6.67049199753109	3.78675220574805	0.000671391992718533	0.0426573698230811	-0.414501589564557	"ZNF132"
"16693005"	0.470526232636724	6.12266089588194	3.78244031259133	0.000679333754374928	0.04293055291555	-0.425255143182256	"VPS72"
"16830778"	0.541216082892879	9.52155646046572	3.78240225177659	0.0006794042619921	0.04293055291555	-0.425350046622619	"TMEM88"
"17005685"	0.488036093639286	8.71809677713065	3.78136183313968	0.000681334401852337	0.0429352062987438	-0.427944178757932	NA
"16778489"	-0.473489093546508	6.59691908505074	-3.77624191697734	0.000690910798370424	0.0434203642225891	-0.440706594212796	"RNU6-57P"
"16875873"	0.527951870456508	6.34637587618524	3.77465439663576	0.000693906687537573	0.0434904606034728	-0.444662672935331	"ZNF582"
"16678518"	0.447419993551721	7.20144833319232	3.76800550831353	0.00070659229271271	0.0441658377123428	-0.461225756959116	NA
"17117754"	-0.618630204909653	6.91999447889807	-3.76559801534775	0.000711241124168868	0.0443365861958313	-0.467220738113486	NA
"16935510"	-0.551685032198986	9.21155566419253	-3.76338120745995	0.00071554809495876	0.044413393608012	-0.472739784388035	"MIR378I"
"16985110"	0.955908624514718	3.21800182936386	3.7629883135271	0.000716314083789011	0.044413393608012	-0.473717837003969	NA
"17102948"	-0.455579050744928	8.13299540995914	-3.75705731603249	0.000727974726216298	0.0450156991796907	-0.488478142940409	"ZNF674-AS1"
"16959148"	0.416608697046035	8.10037141969244	3.7528298636144	0.000736398786921092	0.0454151859869976	-0.49899422668781	"ASTE1"
"16705493"	0.470699394925433	7.99183598568543	3.74995705643578	0.000742177555462086	0.0456498412903502	-0.506138314217123	"KIF1BP"
"16788770"	-0.413117192507021	5.55705150283803	-3.74091530608704	0.000760655161105019	0.0465902428456212	-0.528611517976988	"MIR382"
"16750447"	0.444898426681808	7.40609900600899	3.74050908928211	0.000761495732072677	0.0465902428456212	-0.529620745142505	NA
"16832907"	0.466755155334051	6.76351959661616	3.73585024643448	0.000771201031379822	0.0469637140250308	-0.541192823916431	"DPRXP4"
"16751997"	-0.798323361652063	10.5466722133391	-3.73561429504285	0.000771695756475691	0.0469637140250308	-0.541778774843758	NA
"16672267"	0.526542764417709	5.3020072317883	3.7346637084432	0.00077369200689829	0.0469637140250308	-0.544139293350546	NA
"17086350"	-0.386985883386465	8.82315667520876	-3.73191165159206	0.000779499771078927	0.0471923853553465	-0.550972134348692	NA
"16669058"	0.839746082716648	9.50286669365118	3.73036629619213	0.000782779575783222	0.0472672147497091	-0.554808224400186	NA
"16830041"	0.460606409693199	8.97782318673325	3.72558813680686	0.00079300577719041	0.0476561334355997	-0.566665852301811	"ZFP3"
"16696979"	0.568677693965558	11.7185484061179	3.72482085379743	0.000794659986262097	0.0476561334355997	-0.568569490583329	"GLUL"
"16963396"	0.943722604948789	6.6479369356908	3.72447707637007	0.000795402235747891	0.0476561334355997	-0.569422363762098	NA
"16752019"	-0.665009342351675	9.61133366778358	-3.71620131053885	0.000813475465366718	0.0485856906835282	-0.589945609316305	NA
"16789957"	0.430615306664442	5.10212179178571	3.71545780976602	0.000815118605318846	0.0485856906835282	-0.591788678294439	NA
"16955044"	0.427550151666861	5.61034458575923	3.71174407824392	0.000823374444353567	0.0489479688903217	-0.600992802883836	NA
"16741860"	0.512418031020992	8.84847815736804	3.7100720389567	0.000827117993387777	0.0489479688903217	-0.605135771924907	NA
"16902611"	0.323669796247792	8.39683305943004	3.70988135073835	0.000827545978125818	0.0489479688903217	-0.605608217812472	"AMMECR1L"
