"logFC"	"AveExpr"	"t"	"P.Value"	"adj.P.Val"	"B"	"Symbol"
"17075395"	1.23487807215103	8.04673537876085	6.8788732170174	1.13372270125426e-07	0.00262196049119072	7.39735834715491	"EGR3"
"16684326"	0.87524650662456	7.22242016689047	6.40950974773762	4.15800271618345e-07	0.00325607546028907	6.24951081883766	"MIR4420"
"16991490"	-0.779177922650243	4.1423534537884	-6.40388784123264	4.22373259863675e-07	0.00325607546028907	6.2356033243129	NA
"16863287"	1.47451500800575	8.3823760546268	5.96109020405343	1.46365202917452e-06	0.00632440020377461	5.12998073505897	"FOSB"
"16835631"	0.82413391425038	8.68249257486588	5.87751739474697	1.85324624192838e-06	0.00632440020377461	4.91928172808048	NA
"16875968"	0.878896771950322	6.6659943875449	5.8411216846782	2.05409776096345e-06	0.00632440020377461	4.82734944527778	NA
"16930938"	1.08117276101951	7.40764147617118	5.79537678502952	2.33792108524076e-06	0.00632440020377461	4.71166031964558	"RNU12"
"17110367"	0.768877392136336	5.60068663894292	5.76908054521062	2.51861102965057e-06	0.00632440020377461	4.64508816884639	"MIR222"
"16664005"	0.860530341320928	9.52271239174831	5.6940844783786	3.11489359231178e-06	0.00632440020377461	4.45496509925188	"PLK3"
"17006743"	0.801471604476921	8.68892749389353	5.6715087144879	3.32079993857665e-06	0.00632440020377461	4.39766098088532	"SNORA38"
"16763467"	-0.74846281904806	8.65927381542345	-5.60460799775191	4.01488482634268e-06	0.00632440020377461	4.22766421670545	"PLEKHA8P1"
"17027880"	0.933449935560302	8.42168416250195	5.59704887019285	4.10195888168025e-06	0.00632440020377461	4.2084398514991	"SNORA38"
"17033410"	0.933449935560302	8.42168416250195	5.59704887019285	4.10195888168025e-06	0.00632440020377461	4.2084398514991	"SNORA38"
"17038203"	0.933449935560302	8.42168416250195	5.59704887019285	4.10195888168025e-06	0.00632440020377461	4.2084398514991	"SNORA38"
"17040798"	0.933449935560302	8.42168416250195	5.59704887019285	4.10195888168025e-06	0.00632440020377461	4.2084398514991	"SNORA38"
"17103907"	0.795028862673937	3.42443451787021	5.48007537607292	5.71852194740467e-06	0.00826576606735174	3.91056927994952	NA
"17113129"	0.912753756249636	6.12832450846267	5.4265138411793	6.65896606748882e-06	0.00883529690932728	3.77395981758239	"NUP62CL"
"17045069"	1.19099511988422	5.2850748856455	5.41520249236863	6.87660934699231e-06	0.00883529690932728	3.74509475912129	NA
"16697370"	1.17920146339983	12.0020642293183	5.35106795035249	8.25254951645771e-06	0.00919704566866905	3.5813410168274	"PTGS2"
"16850954"	1.27571696145664	7.54121281737394	5.34384128938261	8.42394769927058e-06	0.00919704566866905	3.56288029888276	NA
"16864901"	-0.699616475468641	6.87268714333834	-5.32410241790588	8.91049336678039e-06	0.00919704566866905	3.51244828801612	"ZNF137P"
"17117445"	-0.860549904220504	8.6701680374815	-5.32171357084922	8.97125402972352e-06	0.00919704566866905	3.50634406478797	NA
"16664028"	0.553636264790728	7.36896090322755	5.31491177234216	9.14654085611572e-06	0.00919704566866905	3.48896248717128	NA
"16676983"	1.53243448289462	9.88441707632461	5.27792717895497	1.01614423520622e-05	0.00957447818513521	3.39442767558472	"G0S2"
"16963400"	-1.06762663839097	6.78654658110028	-5.27146885798807	1.03498921013698e-05	0.00957447818513521	3.37791608784834	NA
"17016372"	-0.691516605439336	9.50681743112447	-5.24280470802251	1.12294140579393e-05	0.00998856380453698	3.30462008255058	"HIST1H1C"
"16686140"	-0.54093160524458	9.01582040659858	-5.21621981487926	1.21118457505534e-05	0.0103744687656685	3.23662471823729	"MED8"
"16961947"	2.43607944033741	10.7109445205396	5.19664750553956	1.28055402917185e-05	0.0104152291228702	3.18655648797575	NA
"16989863"	1.60545665672894	7.09492156709316	5.18972926307691	1.3060130780613e-05	0.0104152291228702	3.16885722556194	"SNORA74A"
"17016503"	-0.693497956743784	11.1653464314474	-5.17005153164111	1.3812277584387e-05	0.010555300044552	3.11851063935781	"HIST1H3I"
"16898531"	-0.650625468328825	4.48593999323608	-5.16033558581085	1.41994701772848e-05	0.010555300044552	3.0936497797448	NA
"16980267"	1.14264262015316	6.34819495212566	5.14784229941726	1.47133297645194e-05	0.010555300044552	3.06168055504577	"GYPA"
"16837326"	-0.404446645149784	11.6181783390641	-5.13295933878802	1.53497909083183e-05	0.010555300044552	3.02359400993563	"PRKAR1A"
"16789207"	0.849647374208581	6.9988714604492	5.12913343785049	1.55178017691342e-05	0.010555300044552	3.01380288775508	"SNORA28"
"16967771"	1.11925560903278	11.9097748966456	5.07339118890558	1.81846945415174e-05	0.0120159265903335	2.87113649982518	"CXCL8"
"16949611"	0.976428629239239	9.49991859712998	5.0403208417524	1.99784120873502e-05	0.0128344648984485	2.78649045301446	"IL1RAP"
"16685146"	-0.526931764973066	10.1637261395936	-4.997583204292	2.25604538765217e-05	0.0141015031568194	2.67710188412416	NA
"16989736"	2.1815424793149	9.78473227137822	4.97380688191829	2.4138390907766e-05	0.0146907517506291	2.61624941172244	"EGR1"
"16685702"	0.537534621851424	7.14806728624311	4.95279086179927	2.56245169829149e-05	0.015096473918351	2.5624655586131	"SNORA55"
"16771502"	-0.621750555810769	10.1908917086199	-4.94362817778221	2.63006770938837e-05	0.015096473918351	2.53901803915731	NA
"16864165"	0.615110864765477	9.31289558179992	4.92901444014807	2.74160896169301e-05	0.015096473918351	2.50162331453908	NA
"16864166"	0.615110864765477	9.31289558179992	4.92901444014807	2.74160896169301e-05	0.015096473918351	2.50162331453908	NA
"16787362"	-0.668120444645474	6.21925879881981	-4.91129429595624	2.88320247473537e-05	0.0155069357286523	2.45628374750794	NA
"16823328"	-0.562543201811174	6.67445961668613	-4.85765735985509	3.35773982170238e-05	0.0166763804637549	2.31907984917257	"TIGD7"
"16858509"	-0.617577875462056	7.44405419388127	-4.85468024090607	3.38624759690621e-05	0.0166763804637549	2.31146610657819	"ZNF627"
"16976967"	-0.53886486451955	4.0977146891594	-4.84792692316226	3.4518113001357e-05	0.0166763804637549	2.2941958145008	NA
"16852683"	0.609236325875486	8.87823726176825	4.84714924074671	3.45944201395353e-05	0.0166763804637549	2.29220711395532	"PMAIP1"
"16875879"	-0.787226867036747	7.19895884442109	-4.84697272105302	3.46117638370838e-05	0.0166763804637549	2.29175571733543	NA
"16898655"	0.770129817906777	5.50314760876755	4.83423831478385	3.58860731744763e-05	0.0169374941695125	2.25919331400445	"SNORA36C"
"16916144"	0.669308524446868	8.07127966375123	4.81393308336057	3.80152536987415e-05	0.0171734459661621	2.2072808593368	"TPD52L2"
"16957568"	-0.489408398353268	10.954548215445	-4.80870623763388	3.85833852665884e-05	0.0171734459661621	2.19391975363686	"NAA50"
"17009627"	0.708000521165951	12.5107610953323	4.80842943725603	3.86137065006456e-05	0.0171734459661621	2.19321220591033	"RN7SK"
"16676150"	0.502643750370448	11.9157346015839	4.79858700782888	3.97074129272987e-05	0.0171814291487932	2.16805481020828	"BTG2"
"16844044"	0.468231463447732	7.31043982793256	4.79496603933065	4.01174892564895e-05	0.0171814291487932	2.1588003041413	NA
"16970185"	0.521804867531236	8.68206259910189	4.78669611259084	4.10699292589752e-05	0.0172291044181541	2.13766549213811	NA
"17092750"	-0.660897277146287	9.72175368671658	-4.77608983276847	4.2324433817471e-05	0.0172291044181541	2.11056309094925	NA
"16791991"	0.650429595291813	11.4406790691053	4.77493139015499	4.24637415935825e-05	0.0172291044181541	2.10760313063639	"NFKBIA"
"16900800"	2.21887907780392	4.14351602171817	4.76513254436547	4.36604847187586e-05	0.0172473654073609	2.082567741243	NA
"16783498"	-0.645229527693775	2.9186837803738	-4.76239895429169	4.40002836093871e-05	0.0172473654073609	2.07558420107764	NA
"16994209"	-0.743377951537849	4.8744912768287	-4.75494596016688	4.49401445548771e-05	0.0172591706190912	2.05654529348013	NA
"17021092"	-0.377711300940513	7.90850979828666	-4.75040177997248	4.55229561882026e-05	0.0172591706190912	2.04493803637076	"FAM46A"
"17061545"	0.954776406885005	11.1242843599049	4.74274668324949	4.65217960579334e-05	0.0173533802811585	2.02538626964355	NA
"16912302"	-0.92450420341961	3.17001340997819	-4.72132644067954	4.94339709376991e-05	0.0181469753313677	1.97068925658812	NA
"17012711"	1.77571556164919	7.72923084130591	4.70982074811635	5.1072282882587e-05	0.0184554482222748	1.94131695585815	"SNORA33"
"16757894"	-0.69346147824041	10.0113791965143	-4.69976725157418	5.25479076653949e-05	0.0186965455473475	1.91565651899838	"GATC"
"16858710"	0.556870118710661	11.932128829891	4.68398189052679	5.49507407397428e-05	0.0192552391073944	1.87537518927801	"JUNB"
"16771522"	1.41160777314621	6.94429497917673	4.67614380271414	5.61840786301824e-05	0.0193935699474661	1.85537809095352	NA
"16693722"	0.491990889688898	7.4389728144384	4.67038848833684	5.71071542669913e-05	0.0194223111284222	1.84069656709684	NA
"16886278"	0.507276638770898	3.67440326574202	4.65046575689972	6.04203134671287e-05	0.0198890829781403	1.78988716963018	NA
"16752044"	-0.859130813715987	4.89381972155872	-4.64674682958748	6.10595793422391e-05	0.0198890829781403	1.78040491517121	"MIR148B"
"16752045"	-0.859130813715987	4.89381972155872	-4.64674682958748	6.10595793422391e-05	0.0198890829781403	1.78040491517121	NA
"16839524"	0.709248247688054	7.91835929076244	4.62229076469117	6.54339427010072e-05	0.0209762576012868	1.71806670432544	NA
"17052181"	-0.526789195967807	5.55580975013446	-4.61811557412869	6.62112165388479e-05	0.0209762576012868	1.7074274287764	NA
"16678674"	0.570252606929274	5.69522499032683	4.60836624712122	6.80620488318334e-05	0.0212712297747812	1.68258786296236	NA
"16711461"	-0.456765520637482	11.4389579775981	-4.59634805815998	7.04143671584076e-05	0.0213231883027955	1.65197511857243	NA
"16807613"	-0.59873311297385	6.20380068295869	-4.59437222188425	7.08087413845826e-05	0.0213231883027955	1.64694307279794	"NDUFAF1"
"16658750"	-0.711690847906765	5.96737922739084	-4.59344626613071	7.09943139756673e-05	0.0213231883027955	1.64458493462434	NA
"16769610"	0.467269586876571	5.490937710337	4.58620328737567	7.24626325822025e-05	0.0214851705606231	1.62614095054754	NA
"16728832"	0.496949762482828	9.1460945390332	4.55682261750901	7.87339711176224e-05	0.0230453580176103	1.5513571639829	"RELT"
"16752031"	-1.07185398718425	6.24408462527841	-4.55242609180444	7.97175872966155e-05	0.0230453580176103	1.54017122004436	NA
"16856483"	0.449491847485151	10.5509968385334	4.53610400326565	8.34769602138851e-05	0.0237559582195075	1.498654574855	"MIDN"
"16899570"	0.900744187146476	4.71769703262682	4.53031647357823	8.4851726002682e-05	0.0237559582195075	1.48393779086134	NA
"16762047"	-0.388104354724839	5.39745748605572	-4.5284587952542	8.52977350408398e-05	0.0237559582195075	1.47921449065087	"LOC102724247"
"17086314"	-0.42414479351408	8.20965306215206	-4.52438297537987	8.62844506610728e-05	0.0237559582195075	1.46885221674391	"IDNK"
"17075392"	1.52229095361162	6.31886533579864	4.51848682723494	8.77318906326898e-05	0.0238702992313202	1.45386402564865	"LOC286058"
"16732788"	0.92653313907044	4.72540549704879	4.51004560189998	8.98460742690229e-05	0.0241612809258104	1.43241043479534	NA
"17112568"	-0.575164589057282	5.07123884660282	-4.50571365416682	9.09505638395348e-05	0.0241771688496198	1.4214026544977	"MIR548M"
"16743890"	-0.545352939533556	9.70992572299001	-4.48659838842497	9.59870162582678e-05	0.0249624801897204	1.37284580283855	"CASP1"
"16983000"	1.21571254542576	5.26298106740948	4.48631579571111	9.60635074538469e-05	0.0249624801897204	1.37212816055455	NA
"17082247"	0.450699913228282	7.05270118354971	4.4723637029354	9.99159923476617e-05	0.0256750795002708	1.33670445606412	NA
"16952414"	0.935699281041227	8.96275203791344	4.46572278045147	0.000101803029783352	0.0258725128549406	1.31984873302361	"CSRNP1"
"16833901"	-0.696038159642624	6.78055585250664	-4.45597193195612	0.000104637842245513	0.0258892070476253	1.29510579894871	NA
"16771496"	-0.405481883733042	11.0056552533355	-4.44943309758203	0.000106582450905552	0.0258892070476253	1.27851764905375	NA
"16878662"	0.484448742543011	9.21997653585476	4.44783010825084	0.000107064601051741	0.0258892070476253	1.27445160552247	"YPEL5"
"16744442"	-0.731621452219392	6.23432615084629	-4.44729231045468	0.000107226843791005	0.0258892070476253	1.27308750761164	NA
"16778460"	-0.610701789303426	8.0827006818387	-4.44650135757037	0.000107465900314439	0.0258892070476253	1.27108133685843	"KBTBD7"
"16721732"	1.35582413479327	7.83158456647234	4.44056232455455	0.00010927782733448	0.0260543125027271	1.256019221288	"SNORA45B"
"16670404"	-0.397093646851964	9.35346580055457	-4.43581184504586	0.000110748866258999	0.0260967666231231	1.24397351122289	"VPS45"
"16704237"	-0.549818715988142	6.61703936478215	-4.43273298671317	0.000111712712227664	0.0260967666231231	1.23616750241249	NA
"17072601"	0.828231795386081	10.1250676764677	4.42113388287	0.00011541892475383	0.0266929347278183	1.20676676724864	"TRIB1"
"16729185"	0.70463190283593	9.15433201034056	4.41307157047227	0.000118066409362225	0.0270348697952493	1.1863376355901	NA
"17096423"	1.035357718072	9.51707027266645	4.40534232223307	0.000120660862805483	0.0273580762166903	1.16675774189535	"HEMGN"
"16924408"	-0.770200557289249	2.99244406789854	-4.39044697329881	0.000125820706273787	0.0280881734385918	1.12903939670854	NA
"16987655"	-0.604458904740826	4.3686250023162	-4.38839056235783	0.000126549982298936	0.0280881734385918	1.1238336660516	NA
"16708146"	-0.47117359814882	6.673719909712	-4.38566093372395	0.000127524461065081	0.0280881734385918	1.11692430052753	"LOC101927300"
"16692785"	-0.58225947737767	7.83165474462534	-4.38016544415501	0.000129508900519771	0.0282561541728372	1.10301591588137	NA
"16819736"	-0.39449148314719	7.0813563102393	-4.36977808967971	0.000133343508742741	0.0288208909036764	1.07673444208864	NA
"16886732"	-0.771863560033702	5.92920186424061	-4.36406597676815	0.000135499778137282	0.0290157719350084	1.06228627821642	NA
"16900496"	0.836222311369117	7.74641527010855	4.35830700430113	0.000137708599150777	0.0291532228174439	1.04772270764876	NA
"16757969"	-0.469876084949771	9.89552769498286	-4.35584732914453	0.000138662797159979	0.0291532228174439	1.04150352323185	"MLEC"
"16722398"	0.339979367765929	12.1766219578918	4.35228261389726	0.000140057280897638	0.0291811237416186	1.03249132068826	NA
"17025227"	-0.51035038449135	5.81575095879044	-4.34450921077981	0.000143146372362904	0.0295584478003292	1.01284309958879	NA
"16737200"	-0.44334599748287	7.85302726215531	-4.33811709367374	0.000145736880675656	0.0298270516759814	0.996690662262655	"CD59"
"17092306"	-0.585742878395321	3.94128493003724	-4.33322669290916	0.000147749996352856	0.0299539772991084	0.984335677303926	"LOC102723994"
"16689312"	-0.446076852643316	9.10843796713907	-4.32917281741412	0.000149439550343155	0.0299539772991084	0.974095870672712	"GBP3"
"16875088"	-0.493862852681488	8.22972712050222	-4.32566024866755	0.000150918913490304	0.0299539772991084	0.965224697008779	NA
"17016506"	-0.682708862149358	8.76233323189089	-4.32243410496467	0.000152290375681758	0.0299539772991084	0.957077998808356	"HIST1H4L"
"16714776"	0.800581284242305	6.99028223028939	4.3211655261608	0.000152833022929684	0.0299539772991084	0.953874856075647	"EGR2"
"16993403"	-0.453234744911516	11.6388351580697	-4.31076714441171	0.000157353563263336	0.0305808055259762	0.92762527807286	NA
"16915089"	-0.789381061847176	2.88171972578838	-4.29818063098587	0.000163002157547954	0.0312034928004219	0.895866936040353	NA
"16822904"	1.27036765677448	9.68618644119582	4.29762505315309	0.000163256048292085	0.0312034928004219	0.894465481458518	NA
"16689384"	-0.759060800169609	10.3082921881156	-4.2908288104644	0.000166393583673851	0.031542495160862	0.877324482434405	"GBP4"
"16960262"	2.04754435234248	8.74263900756054	4.28688425248521	0.000168241819922476	0.031633565604448	0.86737805067827	NA
"16672654"	-0.648274092894606	9.19188532059596	-4.28204232616635	0.000170538222429691	0.0316549862703475	0.855171131630279	"SLAMF7"
"16697245"	0.479401033415849	10.7789512300146	4.28088173821516	0.000171093236640872	0.0316549862703475	0.852245563176464	"IVNS1ABP"
"16808555"	0.954806205620922	7.9567419820065	4.27321536860441	0.000174804443669985	0.0320849394345694	0.832924123345061	NA
"16890968"	-1.02829202875247	3.69253253794596	-4.25619425556024	0.000183330280348926	0.0331647701212412	0.790049149429493	NA
"17016353"	-0.482554085933203	5.52862029066079	-4.25438194965914	0.00018426185900342	0.0331647701212412	0.785485980507172	NA
"16675218"	0.655512259300798	8.37029392862843	4.25061784905398	0.000186211652778428	0.0331647701212412	0.776009608866214	NA
"17009661"	0.570387190144654	8.06364684468944	4.25021089975559	0.000186423665661839	0.0331647701212412	0.774985183049034	NA
"16763095"	1.23012775083881	5.96602496160674	4.22590804396112	0.000199525764775416	0.035137655941334	0.713841275592074	NA
"17092710"	0.92785944514577	7.6965553071501	4.22391421097107	0.000200640092948166	0.035137655941334	0.708828006164993	"SCARNA8"
"16820989"	-0.375774244516041	6.67200657772789	-4.22136893391614	0.000202071528524989	0.035137655941334	0.702428872691041	"LOC101927978"
"17005001"	0.627354587188323	8.43528168843743	4.19305539076665	0.000218688997722737	0.03756929016651	0.631297472236415	"CD83"
"16795149"	-0.348892029136389	9.026675338981	-4.19204789632312	0.000219304456802821	0.03756929016651	0.628768163343894	"VIPAS39"
"17085667"	-0.393934697420796	8.46935731953883	-4.1814051973359	0.000225910922206937	0.0384164845432341	0.602057402550919	"FAM122A"
"16806834"	-0.359635929874687	9.78183035696094	-4.17542462874932	0.000229708930523539	0.0385593000707696	0.587053734495642	"EMC7"
"16830041"	-0.51614851690689	8.97782318673325	-4.17483723836932	0.000230085329258711	0.0385593000707696	0.585580369699906	"ZFP3"
"16743293"	-0.841828592938834	6.34492167841724	-4.16731466499072	0.000234959775243181	0.0388744932677191	0.566715187763666	NA
"16992462"	-0.766304824308716	8.21153129677028	-4.16675275530216	0.000235327930880818	0.0388744932677191	0.565306313943633	NA
"16934476"	-0.6513734821932	8.54840749321832	-4.15649343873003	0.000242150349209918	0.0391245524728926	0.539590287264083	"APOL2"
"16759283"	0.513394984067472	5.19633010126241	4.15416489579496	0.000243725712158524	0.0391245524728926	0.533755445942267	NA
"16772527"	0.513394984067472	5.19633010126241	4.15416489579496	0.000243725712158524	0.0391245524728926	0.533755445942267	NA
"16810884"	1.08539174613355	7.23352128020769	4.15360401011964	0.00024410668042348	0.0391245524728926	0.53235008892288	NA
"16751999"	0.738210079481785	10.5859797148996	4.15179780454862	0.000245337487372526	0.0391245524728926	0.527824732104246	NA
"17094893"	-0.593691787614103	7.66154893339208	-4.14938376273918	0.000246992029274974	0.0391245524728926	0.521777135891063	"ALDH1A1"
"17088030"	-0.753336695182035	4.19224775489734	-4.12859840489321	0.000261699489963693	0.0408413969556519	0.469737949324994	NA
"16830575"	0.720280519924966	10.2059086754662	4.12836832365118	0.000261867018041689	0.0408413969556519	0.46916222909759	NA
"16978995"	-0.390352803426927	7.30067377650449	-4.12664072730053	0.000263128297937136	0.0408413969556519	0.464839582732693	"ELOVL6"
"17024184"	-0.493680894087818	5.62215466944179	-4.10576469439069	0.000278849650365484	0.0429930390933503	0.412637374652824	NA
"16685477"	0.721351999016371	5.05913032542706	4.10287128554168	0.000281100216685101	0.0430426480444099	0.405406894839296	NA
"17013784"	-0.517154769919696	8.85383957482786	-4.09578719362825	0.000286686015642512	0.0430426480444099	0.387709032735912	"ARMT1"
"17080862"	-0.650177312375061	7.84823142243036	-4.09482402643493	0.000287453844417536	0.0430426480444099	0.385303338242905	"RNF139-AS1"
"16922573"	-0.506760714269724	6.19458235072297	-4.09078371531677	0.000290696818215482	0.0430426480444099	0.375213308434934	"MORC3"
"16925263"	-0.386318710821303	8.36099570986736	-4.08976784845595	0.000291517846297924	0.0430426480444099	0.372676705619934	"CRYZL1"
"16899758"	1.46769941328064	10.0639034627641	4.08840882604907	0.000292619777089111	0.0430426480444099	0.369283477112465	NA
"16712305"	-0.560439172981592	5.51117948678234	-4.0876376979673	0.000293246846188281	0.0430426480444099	0.367358228617417	NA
"16773473"	0.455637342433562	8.31917709961578	4.08417579182651	0.000296078315894631	0.0430426480444099	0.358716048021482	NA
"17056491"	-0.748103657390601	5.20333844045504	-4.08371045399786	0.00029646095408743	0.0430426480444099	0.357554524918216	"MIR550B2"
"16977052"	-1.22725776129965	8.55720080267037	-4.08210739826568	0.000297782837683469	0.0430426480444099	0.353553396597269	"CXCL10"
"16857916"	0.56101717778551	10.4001660876915	4.07981515034721	0.000299683093175915	0.0430482664340334	0.347832724236566	NA
"17027743"	-0.505602946817238	10.2904158503532	-4.07231293779407	0.000305986015399749	0.0433744129352796	0.329115018387672	"HCP5"
"16766940"	1.09525418144253	8.46594595335985	4.06834864248765	0.000309368965130647	0.0433744129352796	0.319227546188414	NA
"16790264"	0.69763396418373	10.7104106149242	4.06688254114092	0.000310629348839987	0.0433744129352796	0.315571474547689	NA
"16971499"	-0.505009615319091	6.67104464054427	-4.06390113160341	0.000313207988524616	0.0433744129352796	0.308137587228064	NA
"16885839"	0.609919240640497	3.32293886515106	4.06164059019378	0.000315177141608392	0.0433744129352796	0.302501987058802	NA
"16771322"	-0.372215598818129	7.0812307529077	-4.05856611395257	0.000317874828872711	0.0433744129352796	0.294838423066524	"COQ5"
"16860795"	-0.4992916068349	8.06408273887232	-4.05790795055589	0.000318455270503419	0.0433744129352796	0.293198038669146	"ZNF181"
"17067185"	-0.575749420093118	6.51029806638546	-4.05632116059572	0.000319858959504263	0.0433744129352796	0.289243438615226	NA
"17076273"	-0.545656305116646	5.12970261706752	-4.05503750056126	0.000320998939173956	0.0433744129352796	0.28604457084397	"LOC728024"
"16683955"	-0.735272963746384	3.9972102954232	-4.05421794491454	0.000321728846609006	0.0433744129352796	0.284002373686106	NA
"17053707"	-0.897255913423219	3.35058253741563	-4.05326013413402	0.000322583950571543	0.0433744129352796	0.281615793372685	NA
"16990199"	2.15870106746022	5.6394152546246	4.04954683451901	0.000325920208294318	0.0434728636712974	0.272364636776677	"VTRNA1-1"
"16763966"	0.895891890171002	5.15192929219154	4.04553510553415	0.000329562651481417	0.0434728636712974	0.262372289058517	"SNORA2A"
"16984294"	-0.503448257012129	7.80304133502693	-4.04422270281921	0.000330762894982738	0.0434728636712974	0.259103899448146	"CARD6"
"16670199"	-0.706526348936041	5.71788188824362	-4.04414386895703	0.000330835128038584	0.0434728636712974	0.25890758088483	"LOC100132057"
"16856494"	0.400657457465211	7.59630841390837	4.03097016849274	0.000343125741320795	0.0448331583024069	0.22611447869743	"CIRBP"
"16858830"	0.454674457010867	8.74338214997593	4.02272090729099	0.000351048932307653	0.0454053762168168	0.205593119103315	"IER2"
"16981502"	-0.610913890195126	7.45779774692072	-4.02201930866034	0.00035173102012358	0.0454053762168168	0.203848260745643	NA
"16678132"	0.472143137668578	11.3476126371966	4.02031324563501	0.000353395067195357	0.0454053762168168	0.199605640175314	NA
"16843404"	-0.555628389281832	9.00746510524825	-4.01382162400994	0.000359797693384243	0.0455185594540622	0.183466445689318	"SLFN11"
"16718493"	-0.399182055501597	6.03835263020424	-4.01304338976277	0.000360572853445729	0.0455185594540622	0.181532070754386	NA
"16928680"	-0.429273920699636	8.38154310045613	-4.012774444818	0.000360841116576635	0.0455185594540622	0.180863604491933	"CCDC117"
"16926148"	0.384122562513694	9.84579204481744	4.01045737308642	0.000363160435194833	0.0455185594540622	0.175104957637866	"U2AF1"
"16932023"	0.57938013423896	8.51465456838493	4.00950597403878	0.000364116984433844	0.0455185594540622	0.172740676052952	"MIR3198-1"
"16737841"	0.585506338993684	7.41662506164551	4.00263341392629	0.00037110050460679	0.0460150496204547	0.155666171543016	"SNORD67"
"17081915"	0.58773616641239	5.25014741809496	4.00169140510685	0.000372067898085572	0.0460150496204547	0.153326379087225	NA
"16658864"	-0.402243764909036	10.693508496512	-3.99927597919082	0.000374559724200395	0.0460768230935241	0.147327503718159	"PGD"
"16955511"	-0.360771579688654	8.96048312646009	-3.9944533079907	0.000379583973971299	0.0464478231007102	0.135352829020283	"PDHB"
"17059096"	-0.607156181615925	3.31024166970514	-3.98576856795491	0.000388798832761954	0.0468123869010688	0.113797981508373	NA
"16845727"	-0.336372283256672	8.11886662276096	-3.98002438037629	0.000395013726825014	0.0468123869010688	0.0995479975833433	"CCDC43"
"17079434"	2.7306365410351	5.87092271513059	3.97932616398726	0.000395775762140446	0.0468123869010688	0.0978162488542029	NA
"17079435"	2.7306365410351	5.87092271513059	3.97932616398726	0.000395775762140446	0.0468123869010688	0.0978162488542029	NA
"17075390"	0.583239694441183	8.00793399929787	3.97927978594309	0.000395826430252576	0.0468123869010688	0.0977012226648402	"BIN3-IT1"
"16757324"	-0.411738383898818	8.97541702576022	-3.97792403106015	0.000397310407133099	0.0468123869010688	0.0943388517335668	"OAS1"
"17078914"	-0.543526413581834	8.49991809546277	-3.97692589029013	0.000398406430745421	0.0468123869010688	0.0918635800686785	NA
"16709070"	-0.589459840851756	7.67734488710655	-3.97660770485113	0.00039875644136769	0.0468123869010688	0.0910745515598075	NA
"16794652"	0.461765063836225	6.61573307991306	3.97065261542225	0.000405363022092165	0.0471317157594375	0.0763103016002153	NA
"17010278"	-0.503885679844115	6.43221599924814	-3.97048327606982	0.000405552446756088	0.0471317157594375	0.0758905488144723	"RPSAP41"
"16851822"	0.640697547550126	8.40985515738643	3.96823762419627	0.000408072669560673	0.0471874831446484	0.070324544474623	NA
"17002510"	-0.570211838514354	7.06750624647225	-3.9626953217519	0.000414358453107268	0.0476759599254318	0.0565911010424429	"NUDCD2"
"16811244"	0.457398319657405	7.75431785683651	3.95214963464442	0.000426581770700801	0.0483141086005958	0.0304736225037274	NA
"16992402"	0.62638488193758	7.21746989014006	3.95183642890048	0.000426950149293996	0.0483141086005958	0.02969821883186	NA
"16788046"	-0.4421206808644	8.12656602910022	-3.95068201026272	0.00042831061672611	0.0483141086005958	0.0268403652335527	"GSKIP"
"17031694"	-0.671915180014762	5.95951894178063	-3.95053985418189	0.000428478439082711	0.0483141086005958	0.026488462133198	"LINC00243"
"17059442"	0.64781459045405	8.62725242035906	3.9471358175229	0.000432516359423934	0.0483141086005958	0.0180628817168218	NA
"16734902"	0.399745679144806	5.82152015024964	3.94581101410792	0.000434097912597407	0.0483141086005958	0.0147842888524181	"OR51I1"
"17113184"	-0.425320482566356	10.3836007394743	-3.94300956591018	0.000437460955451567	0.0483141086005958	0.00785230124460945	"PSMD10"
"16804057"	-0.407069887816766	4.97134865626514	-3.94290612114703	0.00043758562443287	0.0483141086005958	0.00759635971249928	NA
"17104663"	0.928153915133581	6.5003348522763	3.94175158745275	0.000438979401412001	0.0483141086005958	0.00473995165925967	NA
"16828577"	-0.444199539540481	8.5295283963933	-3.94025261842991	0.000440795473460704	0.0483141086005958	0.00103171897444554	"MAF"
"17012163"	0.76496582127239	7.90591031099974	3.93002110071498	0.000453389357242407	0.0493129903867091	-0.0242693971244821	NA
"16972658"	-0.826978211839308	3.78579966232295	-3.92796880428224	0.000455957584019955	0.0493129903867091	-0.0293422906065173	NA
"17058002"	-0.479699222296277	4.80518308458086	-3.92731029921656	0.000456784644629453	0.0493129903867091	-0.0309698392147624	"LOC650226"
"16943577"	0.633301767844937	6.50240013114726	3.92599748151654	0.000458437883562177	0.0493129903867091	-0.0342143524514515	NA
"16908500"	0.462765859502245	6.62545699123105	3.92297560749345	0.000462265629194677	0.0494945241036357	-0.0416815217947626	"MIR375"
"16893456"	0.704096073740521	10.1385623552317	3.92050792045315	0.000465414577943997	0.0496020412171005	-0.0477781059543139	NA
"16721278"	-0.428683367663621	6.70721112196981	-3.91597495071726	0.000471253755236025	0.0499939706300163	-0.0589743627968806	"TRIM78P"
