"logFC"	"AveExpr"	"t"	"P.Value"	"adj.P.Val"	"B"	"Symbol"
"16976012"	0.940563762481645	5.70455676240823	7.842029484151	3.51247396844425e-11	8.12329854682103e-07	14.8179057817034	NA
"17100687"	0.63191144190416	11.6796209302387	7.17089768949863	6.01346388475007e-10	6.95366896313074e-06	12.2206913880412	NA
"16740560"	0.323890856674858	12.1319385043368	6.62567281468594	5.9087281946987e-09	4.55503856529323e-05	10.125200780924	NA
"16825548"	0.424815775486431	9.4127659505848	6.46751266196987	1.13963636167164e-08	6.58909253409499e-05	9.52213962021023	"CDIPT"
"16900519"	-0.412970310745262	10.6707022583241	-6.15568404939549	4.11843949370169e-08	0.000190494300341678	8.34208429717273	NA
"16839493"	0.543749135791796	11.0856571857586	6.00003321077988	7.77451507548301e-08	0.000299668683584493	7.75835759508329	NA
"16832658"	-0.307009294272037	9.72261395940475	-5.86730458775066	1.33180372258306e-07	0.000356366470550309	7.26384302573854	"TAOK1"
"16667830"	-0.51149637894476	4.60361192808707	-5.83757114312856	1.50176235040145e-07	0.000356366470550309	7.15350529623061	NA
"16782120"	-0.771008819865377	5.96615885271633	-5.79119191241859	1.81053258015278e-07	0.000356366470550309	6.98173530952231	NA
"17075271"	0.503748468695463	9.9598228044265	5.78661986896553	1.84417005074718e-07	0.000356366470550309	6.96482504586961	"DOK2"
"16918664"	0.352244757247689	8.60210341815888	5.78390162314773	1.86446034485939e-07	0.000356366470550309	6.95477323790914	"EIF6"
"16726439"	0.374806607537163	9.23032884689665	5.76954144319557	1.97536403312529e-07	0.000356366470550309	6.90169503593631	"PRDX5"
"16904586"	-0.451138272118244	5.82511288737909	-5.76606407133294	2.00318420770269e-07	0.000356366470550309	6.88884813313338	NA
"17114386"	0.354912323897967	7.9616461103121	5.74105781449431	2.21495510544856e-07	0.000365894762312205	6.79653597763345	"FAM127B"
"16827248"	0.452852001850378	8.42595068581135	5.69297263714719	2.68610829588713e-07	0.000414144177059878	6.61938613099084	"TRADD"
"16705839"	-0.432687131068429	6.45978553535213	-5.67355709437344	2.90322180908909e-07	0.000419642567367521	6.54799438430356	NA
"16746640"	-0.361502633798144	7.57487412427727	-5.65042748207865	3.1845376457038e-07	0.000433228247836422	6.46305050512433	"ERC1"
"16674470"	-0.307034383453088	9.54683816270095	-5.60181497032658	3.86627310740946e-07	0.000476529110099454	6.28489825037178	"CEP350"
"17082935"	-0.440994836915674	6.36982812160482	-5.59867629516774	3.91492761356407e-07	0.000476529110099454	6.27341369661313	"ZNF250"
"16784522"	-0.372892910114247	7.72926320714906	-5.55431254464457	4.67071879525096e-07	0.000540098567888845	6.11132124489323	"TMEM260"
"16856476"	0.422690930035909	8.58281935271859	5.52757903175234	5.19374344587594e-07	0.000571979546060824	6.01386115295257	"ATP5D"
"17118166"	-0.36940841940719	8.39361259968855	-5.50315076128977	5.72185091077184e-07	0.000598480273935372	5.92495018297599	"ZNF451"
"16684425"	0.396351773178389	2.86966063456611	5.49319495753491	5.95193769209736e-07	0.000598480273935372	5.88875451347758	NA
"16707944"	-0.319948071506959	8.88392685522157	-5.45574530969784	6.90189103926647e-07	0.000665083475271315	5.75281280130444	"C10orf12"
"16840620"	0.300173864983645	9.61957707400975	5.43563481485116	7.47204395820503e-07	0.000670492859159554	5.67995172295177	"GPS2"
"16969711"	-0.374148486483448	4.76847991641828	-5.42944366821967	7.65671833524528e-07	0.000670492859159554	5.6575408659824	"RRH"
"17047088"	0.36870759594847	8.68960814566212	5.42383853987592	7.82778016919962e-07	0.000670492859159554	5.63725942125438	"LAT2"
"16853523"	-0.308378566567692	10.0349805427936	-5.39522658879811	8.7612799364023e-07	0.000723650432461343	5.53385201151467	"LOC727896"
"16970188"	-0.547606021613031	6.72419562738606	-5.36800533670652	9.75063026047494e-07	0.000727977023657839	5.43566127821149	"LOC645513"
"16823561"	0.449895261015683	8.45485367548239	5.36660501997473	9.8043920953829e-07	0.000727977023657839	5.43061522443791	"NMRAL1"
"16859824"	0.451148483658898	9.69232286605711	5.36202363883217	9.98232735164876e-07	0.000727977023657839	5.41410967035338	NA
"17023922"	-0.634613835772178	4.24991411609986	-5.35916804023204	1.00948370678736e-06	0.000727977023657839	5.40382438474189	"MIR3662"
"16861392"	0.321219874525859	11.910115050236	5.33246558892076	1.120906789076e-06	0.000727977023657839	5.30774900595505	NA
"16793962"	-0.449183304695878	4.17596168063268	-5.32539688668788	1.15237172128405e-06	0.000727977023657839	5.28234670978145	NA
"17115971"	-0.969720255757826	7.7962523630495	-5.32526220320846	1.15297958541353e-06	0.000727977023657839	5.28186283356858	NA
"16872089"	0.288744852791429	7.66474367317809	5.32341766232055	1.16133628200699e-06	0.000727977023657839	5.27523644295805	"SIRT2"
"16670270"	-0.396285610290204	6.88709124508339	-5.32268710274753	1.16466251028409e-06	0.000727977023657839	5.27261220165501	NA
"16793252"	0.454799913209355	7.71894815286227	5.30684854555636	1.23912051721091e-06	0.00075413526846149	5.21575291089514	NA
"16691755"	-1.47724713687345	6.07330252420938	-5.28898469967965	1.32871860258006e-06	0.00076997280463335	5.1517022852832	NA
"16741075"	0.400921711204069	7.39794064507358	5.28568353555487	1.34595887393914e-06	0.00076997280463335	5.13987526287477	"CDK2AP2"
"17094863"	-0.916980970694238	4.78582959515274	-5.27611111641058	1.39720227144657e-06	0.00076997280463335	5.10559675941501	NA
"16915656"	0.249998168661236	8.56201212066726	5.26377630222288	1.46606606592166e-06	0.00076997280463335	5.06146241411996	"ADRM1"
"17110763"	0.366495903150946	8.60217422704897	5.25667489794129	1.50721257801409e-06	0.00076997280463335	5.03607195762251	NA
"16718409"	0.533543708803631	5.19737317109702	5.25559459570913	1.51357055109877e-06	0.00076997280463335	5.03221062511302	"RPL13AP6"
"16687638"	-0.398105218128432	9.07007407573238	-5.2538078225239	1.52414419781287e-06	0.00076997280463335	5.02582484172137	"USP24"
"16890326"	-0.516346127277	7.0004822078211	-5.25196402615902	1.53513131037059e-06	0.00076997280463335	5.01923616922359	"LOC101928020"
"16932023"	-0.4568518961284	7.19190631820087	-5.24705206708041	1.56478236769868e-06	0.00076997280463335	5.00168814374467	"MIR3198-1"
"17025558"	0.566884947194918	5.11737004255051	5.22999689743447	1.67216629656442e-06	0.000786553201686866	4.94080943600174	NA
"16758130"	0.31738300945614	8.90309654945522	5.22808914378228	1.68461871971629e-06	0.000786553201686866	4.93400462990719	"ORAI1"
"16840406"	-0.566574760967489	6.45655867978869	-5.22567477306829	1.70050850020942e-06	0.000786553201686866	4.92539419469919	NA
"16740640"	0.442992516671374	7.150152268467	5.2124628118413	1.79010044521396e-06	0.000811757901891438	4.87830447711502	"C11orf68"
"16947087"	-0.521872836508903	9.83541718883624	-5.17459005678631	2.07337529571453e-06	0.000922133662769036	4.74358860555892	NA
"17041209"	0.333487056221403	8.23578894327642	5.16141364075316	2.18189055121268e-06	0.000952086467507464	4.69681387740109	NA
"16765281"	0.536687349966498	5.11841068769849	5.14729985779911	2.30430428834777e-06	0.000971376716476654	4.64676642068897	NA
"16801656"	-0.381800754498416	6.07661598082203	-5.1466498247417	2.31010158715856e-06	0.000971376716476654	4.64446277665411	"RORA-AS1"
"16870493"	0.44276919393851	9.40453100751875	5.13265717751471	2.43841918334826e-06	0.00100702357952313	4.59490385392344	"COPE"
"16924153"	-0.576468321991775	7.90461709082574	-5.12552818427622	2.5064555101292e-06	0.00101696134355716	4.56967622619217	NA
"16782094"	-0.810006555634853	7.54435032791863	-5.085300609153	2.92669956228037e-06	0.00116699622029066	4.42759914740167	NA
"16929056"	-0.256425068495439	11.2639377579698	-5.07351364264264	3.06240761860321e-06	0.00119765541592046	4.38605982588436	"TUG1"
"16834766"	0.346628333236128	11.7206852522598	5.0686215266504	3.12052552398637e-06	0.00119765541592046	4.36883128841382	"GRN"
"16832568"	-0.538466216189637	9.01660471049932	-5.06175709591534	3.20389951345407e-06	0.00119765541592046	4.34466890662136	NA
"16839492"	0.562370104612448	10.5838600204332	5.06120220774819	3.2107335922112e-06	0.00119765541592046	4.34271634952273	NA
"16692553"	-0.454463873519279	11.2692681327721	-5.04472474909166	3.42030724255817e-06	0.0012231327026011	4.28477711899463	NA
"16839487"	0.564781806541115	11.225506527925	5.04341238683234	3.43756339459777e-06	0.0012231327026011	4.28016601268288	NA
"16988359"	-0.723819430658749	6.80362676312544	-5.04105939770622	3.46871636120189e-06	0.0012231327026011	4.2718998709921	NA
"16963599"	0.497958549065352	5.14701662440473	5.0394199868625	3.49058496007579e-06	0.0012231327026011	4.26614154745374	NA
"16735818"	-0.409156304025194	10.558203269853	-5.02339034759247	3.71164769712901e-06	0.00128118322823138	4.20988147282594	NA
"16690001"	-0.728076314253864	6.96217533357941	-5.01624822640093	3.81450346198477e-06	0.00129732384654885	4.18483961298115	NA
"16990845"	-0.493743499833444	9.58718194626836	-4.997728577951	4.09438213138189e-06	0.00137233008047057	4.1199785494568	NA
"16718800"	-0.26045481984027	9.05882327910839	-4.99351004824037	4.16089158016639e-06	0.00137469913677869	4.10521885365507	"RAB11FIP2"
"17110278"	-0.656113169442698	5.9663491253023	-4.9810546489489	4.36349265166287e-06	0.00142133090922545	4.06167239805361	NA
"16996347"	0.659239173456367	6.37921320230824	4.97208909263515	4.5152698603969e-06	0.00145034230640832	4.03035701339293	"RNU6ATAC"
"16772350"	0.367523267834735	6.44768906388972	4.95270141003146	4.86135495328727e-06	0.0015398597886743	3.96272484832129	NA
"16881546"	-0.369268782656075	5.941870468757	-4.94907883035859	4.92883768728815e-06	0.0015398597886743	3.95010094706757	"ALMS1-IT1"
"16761511"	-0.77727192056135	5.46813630861148	-4.94283475223895	5.04731121628166e-06	0.0015398597886743	3.92835145091459	"TAS2R20"
"16864553"	0.363089336160893	8.41585961059648	4.94215940559498	5.06029073979534e-06	0.0015398597886743	3.92599981143472	"EMC10"
"16970074"	0.590497166995647	8.45447384075749	4.92355822959556	5.43089885281738e-06	0.0016311739970014	3.86128535917542	NA
"16822265"	-0.398267943338008	8.01797774748806	-4.87710859020786	6.47607216577769e-06	0.00192015539715308	3.70017106073221	NA
"16818165"	0.328862129798537	8.72145989017595	4.8557506180494	7.02030971653565e-06	0.00205517345334582	3.62632557798932	"BCKDK"
"16830589"	0.289038582680625	6.63829706647959	4.80746345098456	8.42060316547498e-06	0.00243429111759925	3.45993100668823	"MPDU1"
"16804051"	-0.377519726515775	9.09539469257553	-4.78994318680166	8.99327456885903e-06	0.0025677464315309	3.39975152691257	"FAM103A1"
"16861382"	0.405786548078156	10.3231941292656	4.78487597727321	9.16587087290704e-06	0.00258511092289904	3.38236591874908	NA
"16694188"	-0.274417006470623	9.54313265062024	-4.77137797213795	9.64155438587622e-06	0.00268650877448385	3.33609715446204	NA
"17024452"	-0.324977522073851	8.27632947382684	-4.75882270157016	1.01055801715248e-05	0.00276391768701656	3.29311621442043	"SHPRH"
"16743994"	-0.41908662951039	7.02158723272189	-4.75742970576045	1.01583864485842e-05	0.00276391768701656	3.2883508764372	"CWF19L2"
"16988537"	-0.623122669047197	9.01572422383745	-4.74965427226173	1.0458121066484e-05	0.00280821116745	3.26176404212318	NA
"17013588"	-0.474561406720063	8.24528459880434	-4.74695869859446	1.05640321515177e-05	0.00280821116745	3.25255186819334	"SUMO4"
"16924147"	-0.64203776125639	8.00642695285865	-4.7417475435067	1.0771755746528e-05	0.00283089085397674	3.23474982199562	NA
"16701185"	-0.301261538906653	7.91597748435759	-4.73198002480954	1.11718828419287e-05	0.00290305769084591	3.201408134851	NA
"16882821"	-0.900433639063332	5.34733819610475	-4.72845466940352	1.13198284259753e-05	0.00290881857786147	3.18938244457428	NA
"17055556"	-0.348144832426658	8.15952858945866	-4.71513193374833	1.18963745126424e-05	0.00302337860828441	3.1439753955419	"SNX13"
"17048246"	-0.342411457870529	8.62138238620347	-4.7022227495329	1.24822765936995e-05	0.00313780011720096	3.10003762464144	"AKAP9"
"16875760"	0.558359128141594	8.77550689068423	4.69870510423283	1.26467450821368e-05	0.00314495993026427	3.08807519686155	"TMEM238"
"16967690"	-0.43607805554992	6.97288611199324	-4.68797427150592	1.31616206670802e-05	0.00323817873582514	3.05161017157605	NA
"16806584"	-0.733137655865375	8.31321787309372	-4.66906081760545	1.41192532385681e-05	0.00343722073314067	2.98743968585757	NA
"17070737"	-0.367370079147695	7.97145643613067	-4.66091954093744	1.45520538512151e-05	0.0035056807230943	2.95985721049456	"OTUD6B"
"16861380"	0.391044332761295	11.1590430942315	4.64502759308404	1.5434423314447e-05	0.00367991657724966	2.90608480458603	"CAPNS1"
"16812023"	0.493016115484661	5.05970259967687	4.63798008105222	1.58421951849719e-05	0.00373859640860046	2.88226807843254	"LOC645752"
"17043177"	-0.494068349822619	7.40959276967546	-4.61822332255611	1.70420364480968e-05	0.0039811229993448	2.81559803835481	"SNORD13P2"
"17046249"	0.429530527854269	7.28080020788268	4.61330346704028	1.7354310252592e-05	0.00401353133211695	2.7990181064444	"MRPS17"
"17116059"	-0.794457775823545	5.15074792193822	-4.60481952626433	1.79059310719905e-05	0.00410010364259331	2.77044821497534	NA
"17020497"	-1.79839357149498	6.13002593408057	-4.60059586551601	1.81868743556265e-05	0.00412360630610367	2.75623487468378	NA
"16671516"	0.262749215385876	6.69557551707679	4.58207183251509	1.94705036179075e-05	0.0043700324458011	2.69397678773119	"FLAD1"
"17104983"	-0.463982189433312	7.89742040795028	-4.57955407735317	1.96516355066941e-05	0.0043700324458011	2.68552467341795	"PBDC1"
"16840145"	0.349077831976297	9.6263915386925	4.57549853913073	1.99468492497941e-05	0.0043934360247618	2.6719152144837	"SLC25A11"
"16819264"	0.505058053555352	8.93752813538017	4.55951344997623	2.11530135866455e-05	0.00453703350566638	2.61833318325521	"MT1X"
"17059756"	-0.320839976890538	8.28576984407728	-4.55922173990727	2.11756705568613e-05	0.00453703350566638	2.61735626683096	"CDK6"
"16994990"	-0.619454215238538	5.00314133608179	-4.55907160980275	2.11873402781152e-05	0.00453703350566638	2.61685350425756	NA
"16948738"	0.345520237422798	8.57691433082724	4.55342381779537	2.16309175882831e-05	0.00458952505563508	2.59794611854366	"AP2M1"
"17000102"	0.548083650509626	2.30226986277149	4.54200950976586	2.25551233171749e-05	0.00474211215414821	2.55977084800427	NA
"16853375"	-1.03822686118496	6.29985361239244	-4.52938505830359	2.3622018622273e-05	0.00492167950159737	2.51760607716988	NA
"16674008"	-0.293254364428652	8.37823969768624	-4.52187825170585	2.42795009089387e-05	0.00501350015643772	2.49256280713753	"ZBTB37"
"17021385"	-0.294202417974375	10.2503748933201	-4.51533048026478	2.48674760794349e-05	0.00508947008220435	2.47073663464367	"SYNCRIP"
"17087171"	-0.489417982791044	5.60062071350704	-4.51217932259832	2.51553506365097e-05	0.00510322626465403	2.46023853440593	NA
"16721680"	-0.580745854239058	8.03191256176174	-4.50474256429861	2.58476306784917e-05	0.00516763883772997	2.43547813539235	NA
"16856510"	0.287687744574012	7.55168698193063	4.50397896544536	2.59197520290862e-05	0.00516763883772997	2.43293697366305	"C19orf24"
"16913403"	0.29341805164467	8.20580067476586	4.50096782436298	2.62060618189594e-05	0.00518006488621432	2.42291847362244	"MANBAL"
"16676258"	-0.451564176143268	9.56859351862104	-4.48694544183345	2.75803152164402e-05	0.00540550805093739	2.37631037348333	"ZBED6"
"17001843"	-0.318805462778517	7.66951789994242	-4.47743289344525	2.85521546277579e-05	0.00550864803801532	2.34473586319248	NA
"17016503"	0.501534244797499	10.7806094836984	4.47304739565623	2.90113134780319e-05	0.00550864803801532	2.33019123464513	"HIST1H3I"
"16788178"	-0.337023447634597	6.65668423721134	-4.47290992597698	2.90258217150912e-05	0.00550864803801532	2.32973543444873	"LOC101929241"
"16872223"	0.729145090675773	9.6358229868377	4.47046937550911	2.92845673238637e-05	0.00550864803801532	2.321644678527	NA
"16761514"	-0.975646726151914	4.9721770709064	-4.47034776834134	2.92975184276337e-05	0.00550864803801532	2.32124159544354	"TAS2R19"
"16969837"	-0.681522584806301	2.93945452895545	-4.45395331911313	3.10953689064699e-05	0.00579953707016072	2.26695332514305	NA
"16825484"	-0.321365107986795	11.1718851636575	-4.44665540508645	3.19296906198643e-05	0.00590750363972481	2.24282130226065	NA
"16963685"	-0.416540243836325	7.8221834955088	-4.43832828662065	3.2908214683667e-05	0.00604022445229497	2.21531182169953	"MIR571"
"17110365"	-0.409794624815631	5.71942548545431	-4.43554621093401	3.32415746047219e-05	0.00605336925892443	2.20612709998443	"MIR221"
"16663795"	0.356241350407984	10.0064551486674	4.4326158820467	3.3596240663684e-05	0.00607015826428921	2.19645627239036	NA
"16861386"	0.476185464189866	11.0812845712319	4.4267114638429	3.43220523166516e-05	0.00614399710935023	2.17698060933957	NA
"17022668"	-0.677756611623307	3.14806718056223	-4.42397950074029	3.46630086304476e-05	0.00614399710935023	2.1679739742448	NA
"16831429"	-0.438560486096359	7.70108912572213	-4.42221504550718	3.488496086588e-05	0.00614399710935023	2.16215857185777	"PIGL"
"16861388"	0.380985377669219	11.2056422017243	4.42077152579196	3.50675668454288e-05	0.00614399710935023	2.15740185683728	NA
"16731858"	-0.288584595465721	9.43438017268252	-4.41463621381128	3.58540829082493e-05	0.00619438987765275	2.13719398364852	"KMT2A"
"17064603"	-0.237662930176514	10.5823710957129	-4.4132094040017	3.6039429643489e-05	0.00619438987765275	2.13249666861851	"KMT2C"
"16932127"	-0.521641427953554	1.86596833847026	-4.41229488633351	3.61587163697462e-05	0.00619438987765275	2.12948634228457	NA
"16837061"	0.800605693774639	8.72710492681185	4.40926002994448	3.65573227720962e-05	0.00621662649816374	2.11949888961716	"SNORD104"
"17093868"	0.386302186504196	5.69492841655625	4.40477435914722	3.71542957332081e-05	0.00623647581920152	2.10474372857518	NA
"16859817"	0.228979149068461	9.69336575613346	4.40433426190295	3.72133723807589e-05	0.00623647581920152	2.10329651044195	"KXD1"
"16988913"	0.708904408460731	5.98633131869665	4.39951949118839	3.7865662415029e-05	0.00628560425778504	2.08746870331001	NA
"16916196"	0.267451799522574	7.22943172990548	4.39817269530161	3.80500971198126e-05	0.00628560425778504	2.08304299980706	"TCEA2"
"16849576"	0.468095056286385	7.50511709173755	4.39584076149589	3.83715011426681e-05	0.00629374260231549	2.07538177278848	"LGALS3BP"
"16954759"	-0.53371080218749	7.7458204836258	-4.39303983094104	3.8761025383267e-05	0.00631286080309025	2.06618263824296	"MIRLET7G"
"16956875"	-0.34718986554912	5.53933102174596	-4.39090967710012	3.90598281145617e-05	0.00631703947416412	2.05918867495845	"IMPG2"
"16710632"	-0.337906572127292	7.2866207492567	-4.38658826179141	3.96728794313242e-05	0.00633335216887988	2.04500577384787	"LOC102724883"
"16763213"	-0.64788515064945	2.87699779411639	-4.38633989501211	3.97083955760618e-05	0.00633335216887988	2.04419086382144	NA
"17061859"	-0.336091532172003	5.15631254482889	-4.38430223504007	4.00009442218178e-05	0.00633631395217794	2.03750609620671	"IMMP2L"
"17117435"	-0.307457957049273	7.05187622750244	-4.37959575617295	4.06846637969728e-05	0.00640077700430333	2.02207243755766	NA
"16896294"	-0.482132830840008	4.39478455137075	-4.3741399618284	4.14914152094371e-05	0.00646480702638709	2.00419290361768	NA
"16743222"	-0.326674076310363	6.54012911588168	-4.37307478583077	4.16507219670375e-05	0.00646480702638709	2.00070356575266	NA
"16870387"	0.269484928143193	9.80660890089714	4.37039963799366	4.20534323325917e-05	0.00647766809742936	1.99194227660776	"LSM4"
"16889759"	-0.835126805847999	6.66265867586703	-4.36846777403604	4.23465937211111e-05	0.00647766809742936	1.98561711378633	NA
"16866539"	0.375070537616965	10.5142756332744	4.36600349767124	4.27234237742379e-05	0.00647766809742936	1.97755098594712	"R3HDM4"
"16856203"	0.329263473143035	10.0470927345533	4.36515485373959	4.28539464222204e-05	0.00647766809742936	1.97477376090027	"BSG"
"16855340"	1.14191638925968	8.76250213461537	4.36091408803466	4.35119921338794e-05	0.00649636139409997	1.9609000956936	"SNORA37"
"16998132"	-0.325955375120064	6.89676843865961	-4.36073872282874	4.35394135030698e-05	0.00649636139409997	1.96032654746035	NA
"17118358"	-0.524845854434876	8.46434387714684	-4.35245209184446	4.48544294738799e-05	0.0066496691695027	1.933238774937	NA
"16823255"	0.292878914188148	7.32555120278433	4.34450402152019	4.61518134849961e-05	0.00679842669087583	1.90728431151613	"HCFC1R1"
"16701398"	-0.429985442449219	5.93021912945156	-4.31883268064692	5.05952207866676e-05	0.00737519270927654	1.82363337074096	NA
"16834733"	0.234355196747387	9.14694722657144	4.31822620212558	5.07050478131608e-05	0.00737519270927654	1.82166045943544	"TMUB2"
"16699433"	-0.362211888013463	5.71457321212902	-4.31062874418065	5.21005714879686e-05	0.00753081198001406	1.79695851135306	NA
"16839462"	0.356628499458561	7.76266901742807	4.30408232309132	5.33327886844712e-05	0.00766103977581221	1.77569325800277	"RILP"
"16686536"	-0.405059418063801	6.01714890235259	-4.30085875733903	5.39498684974104e-05	0.00767862040645276	1.76522851466818	"RPS15AP10"
"16817391"	-0.272291646780358	9.96929826532113	-4.299980336545	5.41192167705193e-05	0.00767862040645276	1.76237763321757	NA
"16685096"	0.401840323667703	3.77060714638409	4.29318749833082	5.54462684851323e-05	0.00776836330187095	1.74034271564228	NA
"16980834"	-0.374397176517303	7.05433606827195	-4.29181299999444	5.57185945063075e-05	0.00776836330187095	1.73588642407896	NA
"16885819"	0.668954255492605	4.71577443363407	4.28967161170611	5.61454425821043e-05	0.00776836330187095	1.7289453723307	NA
"16847824"	-0.314267040375924	12.2131386928904	-4.28904763318949	5.62704157350396e-05	0.00776836330187095	1.72692318604162	NA
"16924665"	-0.29515583607105	5.97240914339763	-4.2876288430612	5.65555795875221e-05	0.00776836330187095	1.72232579150727	NA
"16994693"	-0.495885050731772	4.9591150046507	-4.28658077331821	5.67671292435763e-05	0.00776836330187095	1.71893021255634	NA
"17101735"	-0.476095456499658	4.4784621434633	-4.28177341339382	5.77473273059276e-05	0.00785601434473052	1.70336109474775	NA
"16924151"	-0.51864788779417	9.73247807464273	-4.26980557661172	6.02591419278169e-05	0.00810598650725515	1.6646446774454	NA
"16993127"	0.29400901162222	7.69674081213759	4.26968116995479	6.02857992497032e-05	0.00810598650725515	1.66424253717437	"TMED9"
"16663800"	0.306676797614246	10.4865635331402	4.26760495917432	6.07323674780431e-05	0.00811882926395782	1.65753223072133	NA
"17094372"	-0.671986200521218	3.48766319317262	-4.25949665922503	6.25072006260107e-05	0.00829821267348909	1.63134385991702	NA
"17073577"	0.292432868885201	8.06728791282714	4.25695145313545	6.30745903931538e-05	0.00829821267348909	1.62312909364308	"MAF1"
"17118399"	0.530858120143027	7.58471259148643	4.25661188030643	6.31506650466589e-05	0.00829821267348909	1.62203331694431	NA
"17062457"	-0.50585996800229	5.15972957231464	-4.25112615584069	6.43919943473163e-05	0.00841352346480443	1.6043381354893	NA
"16861384"	0.449708557820005	11.6350538094189	4.24769419089638	6.51805500726964e-05	0.00846871113219803	1.59327429003507	NA
"16839489"	0.508561481012027	11.6448295143418	4.23839195388376	6.73651260273107e-05	0.00870364955102578	1.56331155722075	NA
"17016490"	0.807084626725989	3.73993046709616	4.23621954464326	6.78854038679669e-05	0.00872214297363594	1.55631954741218	"HIST1H2AJ"
"16984282"	0.300682269697186	6.10493250622901	4.22497201913715	7.06418117439131e-05	0.00900128693875728	1.52015144735216	NA
"16861890"	0.889403640551502	7.8506947415059	4.22327221813067	7.10676725476107e-05	0.00900128693875728	1.51469025057058	"ECH1"
"16895431"	-0.38008698501252	5.65223346586401	-4.22264417734669	7.12256457730178e-05	0.00900128693875728	1.51267277028416	"ASXL2"
"16717520"	1.01089434346131	9.43581484892264	4.21211684903368	7.39246657733102e-05	0.00923838387046566	1.47888094399797	"SNORA12"
"16730153"	-0.485651542561405	5.59546396034622	-4.21124837066423	7.41516868688544e-05	0.00923838387046566	1.47609535717751	NA
"16788667"	0.521421640748476	4.5117770004095	4.21068183456707	7.43001426863239e-05	0.00923838387046566	1.47427840745859	"SNORD114-16"
"16723084"	-0.348267404824129	4.07245373030398	-4.20191351950346	7.66347307700418e-05	0.00944635592806899	1.44617523265856	"BDNF-AS"
"16674080"	-0.51767963405387	6.24137875103905	-4.20134072374431	7.67896793564652e-05	0.00944635592806899	1.4443405446081	"GPR52"
"16927151"	0.301832503733582	8.21366090724555	4.1978344777398	7.77447779847568e-05	0.00950571386687882	1.43311302830829	"TANGO2"
"16790362"	0.656247390782578	8.51495447110048	4.19656193514163	7.80942463227819e-05	0.00950571386687882	1.4290394919996	"SNORD8"
"16981898"	0.332645461090737	4.17031734496205	4.18929341925295	8.01196000083125e-05	0.00970118319053531	1.40578586961211	NA
"16996769"	-0.931140813533471	4.00621780727163	-4.18689342270384	8.07994199191856e-05	0.00973254262745316	1.39811283899228	NA
"17099678"	0.644737242137011	6.29562030322513	4.18344599347713	8.17856861979787e-05	0.00980029826269769	1.38709549857721	"RNU6ATAC"
"16681952"	0.425388654664212	6.21640567868179	4.18188597274591	8.22357980564815e-05	0.00980343969923839	1.38211168486529	NA
"16707574"	0.385869217434256	2.04114647199176	4.1765537218535	8.37924336004875e-05	0.0098909069007048	1.36508479932465	NA
"16863783"	0.286092579757873	7.2911012645209	4.17517369494854	8.41999120088401e-05	0.0098909069007048	1.36068015853314	"GRWD1"
"16809729"	-0.340312536930775	7.58224868594372	-4.17499590299235	8.42525472148936e-05	0.0098909069007048	1.36011276003024	"RFX7"
"17023377"	-0.578112247732797	5.6674914835645	-4.16664206636927	8.67618120434311e-05	0.0101251378295469	1.33346841976576	NA
"16799882"	-0.261003160601934	9.32065186366884	-4.16545759412453	8.71233808137604e-05	0.0101251378295469	1.32969308100742	"MGA"
"17059999"	-0.311256614385901	3.90198022439302	-4.16367763749568	8.76694608403831e-05	0.0101376581042777	1.32402089067129	"MIR591"
"16811656"	0.22914448748827	9.6243472499119	4.15816171136208	8.93827680505313e-05	0.0102843546104708	1.30645222305963	"UBL7"
"16667456"	-0.375657495144158	8.01069342687848	-4.15592405318404	9.00869800880046e-05	0.0103140672697786	1.29932896191927	"PTBP2"
"16697654"	-0.401462661555168	6.87714999932574	-4.15359347889789	9.08261228464668e-05	0.0103474667146317	1.29191228737916	"MIR181A1HG"
"16759500"	0.233556344194317	7.11330973423253	4.14029223710359	9.51578923314968e-05	0.0107747181802536	1.24962966475284	"NOC4L"
"16885516"	0.324864828581122	6.64518896063975	4.13873392298687	9.56782339609076e-05	0.0107747181802536	1.24468120255241	NA
"17071400"	-0.606002271243197	5.29440084067114	-4.13785164396882	9.59740539253795e-05	0.0107747181802536	1.24187998806588	NA
"16917939"	0.292990335164562	10.3377244155081	4.13150585519206	9.81278730517204e-05	0.0109633010631263	1.2217425574756	"CST3"
"16659138"	1.08601135835068	8.75748543404359	4.12920528176473	9.89201596374992e-05	0.0109986852496944	1.21444649488858	"RNU5E-1"
"16808993"	-0.518656978746496	7.07145211370336	-4.12223973812239	0.000101356782873745	0.0111434331660971	1.19237042977527	NA
"16933312"	0.436867044103834	3.6253959900733	4.12208907205135	0.000101410121529198	0.0111434331660971	1.19189316186882	NA
"16761507"	-0.724678522735621	4.07220101564695	-4.12136310994543	0.000101667505428568	0.0111434331660971	1.18959366088841	"TAS2R50"
"16681611"	0.325171176048151	9.45463384428593	4.11942386468511	0.000102358140347537	0.0111662109047995	1.18345222545509	"SRM"
"16940535"	0.384632327410663	7.6982184573305	4.11595535326205	0.000103604695085518	0.0112491351325952	1.17247196307302	NA
"16811149"	-0.311380020635238	6.56799634438376	-4.10898780811893	0.000106153138920018	0.0114719796439405	1.15043126604052	"MIR4312"
"16735829"	-0.548646891688749	9.66256823989655	-4.09509989592912	0.000111414162699744	0.0119650997379314	1.10656484620117	NA
"17101109"	-0.482700402528799	5.82659499217675	-4.09290523790908	0.000112268199210063	0.0119650997379314	1.09964082343793	"MIR3690"
"17115866"	-0.482700402528799	5.82659499217675	-4.09290523790908	0.000112268199210063	0.0119650997379314	1.09964082343793	"MIR3690"
"16736847"	-0.331824807538812	10.0072175643006	-4.09052342954611	0.00011320219950107	0.0120092993938589	1.09212883858402	"LIN7C"
"16842626"	0.254586914996638	8.58707764211661	4.08890455511366	0.000113841291324931	0.0120219522578616	1.0870245495613	"UNC119"
"17049060"	-0.485486109110326	3.12401005752558	-4.08702260183763	0.000114588608983028	0.012045867090684	1.08109228184003	NA
"17018274"	0.341005039756705	8.50224958771095	4.08364741089442	0.000115940739156331	0.012132857350536	1.07045710807574	"BAK1"
"16883546"	-0.363407986541792	6.05793743656679	-4.08164715661953	0.000116749296095627	0.0121624368054214	1.06415679920524	NA
"16764091"	-0.48984740586853	7.60385164914405	-4.07646878588619	0.000118867840829111	0.0122231112991613	1.04785472492778	NA
"16674618"	0.305653335862083	7.55252234157626	4.07624501716332	0.000118960217235087	0.0122231112991613	1.04715055394986	"IER5"
"16822801"	0.292340932317426	8.02504063451577	4.07539126581255	0.000119313299074397	0.0122231112991613	1.0444641210221	"NME3"
"16716324"	-0.448623240179939	9.03420775283159	-4.07453555654415	0.000119668203138228	0.0122231112991613	1.04177186316816	NA
"17075151"	0.431765622118284	1.86115743483913	4.07282270683816	0.000120381661160377	0.0122231112991613	1.03638385536669	NA
"16700361"	-0.409367342371253	5.99560184924037	-4.07253273536701	0.000120502848454567	0.0122231112991613	1.0354718430982	NA
"17105665"	-0.363098407965506	6.56584505746062	-4.0679659601706	0.000122426996455709	0.0123640574106165	1.02111361750964	"LINC00630"
"16728384"	-0.93196196889909	6.04593821492	-4.06485866989051	0.000123753085008827	0.0124436417260832	1.01134959317345	"MIR548K"
"16881514"	-0.326320205746901	7.78062543508989	-4.06071019084532	0.000125545088292879	0.0125615561571463	0.998320786016428	"ALMS1"
"16778229"	-0.771750554894788	6.00071809444286	-4.05963850483728	0.000126012065052014	0.0125615561571463	0.994956315866355	NA
"16807098"	-0.671256747445606	6.44919273765356	-4.05695844461518	0.00012718720563497	0.0126242854279826	0.986544809980242	"MIR3942"
"16761502"	-0.700268257888847	6.05214883418587	-4.05475907154118	0.000128159450049061	0.0126664256465155	0.979644446370838	"TAS2R14"
"17071321"	-0.300905894984163	9.30346011657615	-4.05309706573532	0.000128898889507317	0.0126852962452584	0.974431516097946	"VPS13B"
"16861389"	0.367188327201339	11.4844187955346	4.05070540558394	0.000129970167768567	0.0127365257202697	0.966932248410144	NA
"16894153"	0.361191717317226	2.40866782199036	4.04719862608662	0.000131556439129307	0.0128375770790864	0.955941216902263	NA
"16878800"	-0.322106852940619	9.56986880710054	-4.04309127605406	0.000133438069228937	0.0129664799456202	0.943075120496875	"BIRC6"
"16905600"	-0.388671512235874	6.60342525153593	-4.04083638074929	0.00013448204907774	0.0130132483222631	0.936015091718136	"TTN"
"16866370"	-0.357149150596365	9.71564073172621	-4.0354863821746	0.000136990548165978	0.013200751697644	0.919273827966435	"WASH5P"
"16798228"	1.38330099630537	6.96369077266047	4.03115848640323	0.000139052683258219	0.0133438647539951	0.90574069765875	"SNORD116-26"
"17024219"	0.312700322956183	2.30808346844623	4.02940552436482	0.000139896395007944	0.0133693550716889	0.900261753678722	"MIR3145"
"17043653"	-0.286575179874505	7.31887639670997	-4.02691711555223	0.000141102543224976	0.0134291297002634	0.892486610591143	"PHF14"
"16985759"	-0.544011872871528	6.70750411519129	-4.02533512384665	0.000141874539235648	0.0134472642168149	0.8875451130096	NA
"16721671"	-0.632513633688799	7.72572574643815	-4.02403495467979	0.000142512048523571	0.0134525556987944	0.883484790778731	NA
"17095828"	0.79300608892288	8.80079254230014	4.01878024950606	0.000145116759350794	0.013606750677526	0.867082840279272	NA
"16760142"	0.383573961804001	5.6335492429782	4.01836958677766	0.000145322238826866	0.013606750677526	0.865801549605056	NA
"16844044"	-0.34132789416387	6.72451838740698	-4.01495376522683	0.000147042258062801	0.0136756645467302	0.855147061865779	NA
"16905455"	-0.314398068664131	4.36234018501516	-4.01456174070548	0.000147240907689533	0.0136756645467302	0.853924625771481	NA
"16754968"	-0.387740029046629	5.88773937080394	-4.00825973862464	0.000150469943386942	0.0139196735228392	0.834283231809439	NA
"16918662"	-0.374113677632141	6.99069699397017	-4.00537907295347	0.00015196851850477	0.0139824817104587	0.825311310763368	NA
"16818927"	-0.293289509070664	9.13159444750452	-4.00252021010176	0.000153469931308544	0.0139824817104587	0.816411161789632	"CHD9"
"16823102"	0.30499063713501	10.1815560904893	4.00142239747116	0.000154050259460851	0.0139824817104587	0.812994500050099	NA
"16861200"	0.302208936210985	8.97280963823663	4.00133191677447	0.000154098183549335	0.0139824817104587	0.812712927334189	"LIN37"
"16704863"	-0.288782328927033	7.66077097200534	-4.00005421261686	0.000154776465511196	0.0139824817104587	0.808737169959297	NA
"16714282"	-0.288782328927033	7.66077097200534	-4.00005421261686	0.000154776465511196	0.0139824817104587	0.808737169959297	NA
"16883194"	-0.432081718093833	7.85877409575969	-3.99597753879685	0.000156959847442028	0.0141245540536645	0.796057177591595	"LOC100506123"
"16869293"	0.270064941005664	10.1648505086202	3.99481688956443	0.000157586861533088	0.0141260129716113	0.792448557757237	"C19orf43"
"16900521"	-0.378601223575316	11.1248608424953	-3.99259052584388	0.000158796347818356	0.0141794715675487	0.785528267410565	NA
"16729048"	-0.445450894071857	5.4920505290566	-3.983580300413	0.000163782948746252	0.0145684932909792	0.757545432442218	NA
"16669708"	-0.272294287267011	10.5093879352276	-3.97875996352894	0.000166512139079757	0.014754506668573	0.742590858017658	"NOTCH2NL"
"16761495"	-0.432443040533851	5.22507978481483	-3.97560258006786	0.000168323420330569	0.014858075351088	0.732801409043058	"TAS2R10"
"16842469"	0.286599287923725	9.19651987921686	3.9725641678315	0.000170084313620397	0.0149564255555092	0.723385313963886	NA
"16859655"	0.748696456005103	11.3029444883786	3.96726192796963	0.000173199661508011	0.0151726839836961	0.70696412473708	NA
"16766655"	0.622761664084863	7.64105942645871	3.96506383514045	0.00017450716427915	0.0151981374592025	0.700160505686622	NA
"16722212"	0.454613725605858	2.97986550569521	3.96456611612393	0.000174804538597651	0.0151981374592025	0.698620267964172	NA
"16718386"	0.298384646272821	4.45108918587837	3.96048619843493	0.000177260598258092	0.0153539545165352	0.68599905235102	NA
"16897554"	0.388865486239757	4.00580194280132	3.95717863285636	0.000179276001257124	0.0154593304026072	0.675772958025938	NA
"16972420"	0.848712163144928	4.58521608032581	3.9549548165969	0.000180643392655781	0.0154593304026072	0.668900471552649	"MIR548T"
"17021824"	-0.301269570810407	5.38857382975714	-3.95407022039069	0.000181190096975256	0.0154593304026072	0.666167373362575	NA
"16886232"	-0.504920336901606	6.58418183785865	-3.95373862713516	0.000181395439639533	0.0154593304026072	0.665142960999248	NA
"16840588"	0.330637173260007	9.78418889454148	3.95117847441711	0.000182988381008942	0.0154593304026072	0.657235494596305	NA
"16751190"	0.396119364359691	9.85151031658662	3.95083156949672	0.000183205257676345	0.0154593304026072	0.656164262132671	"METTL7A"
"16859823"	0.307901778215445	9.03995706837861	3.94917829542395	0.000184242240183611	0.0154593304026072	0.651059794041364	NA
"16857851"	0.265066805302897	6.83313971137499	3.94917154747538	0.000184246484221555	0.0154593304026072	0.651038962507267	"CERS4"
"16889725"	-0.599828729088191	7.42021368786234	-3.94877946426712	0.000184493241281601	0.0154593304026072	0.649828603408841	NA
"16993027"	0.246143364424022	8.24101540437807	3.94338949896764	0.000187917734562653	0.0156894348275469	0.633197305279031	"PRELID1"
"16835589"	0.419208381172113	6.2218925779837	3.94092056705853	0.00018950665957763	0.0157651817124168	0.625583833616071	NA
"16886665"	0.433986206201634	2.9972395250457	3.93888059919514	0.000190829239035057	0.0158183075668952	0.619295381450683	NA
"17010639"	-0.286744457112646	8.09533977190556	-3.93618004570151	0.000192593730963804	0.0158738526076925	0.610973683146847	"DOPEY1"
"17117631"	-0.325900499556243	7.10473824429159	-3.93504079575866	0.000193342782702034	0.0158738526076925	0.60746416536287	"LOC100128075"
"16889758"	-1.00682597322306	5.54410391073867	-3.93471355712541	0.000193558457014281	0.0158738526076925	0.606456205982218	NA
"16726183"	0.340761361600173	9.75714044430164	3.93081175560341	0.000196147885428777	0.0160082604465278	0.594441880201324	"COX8A"
"16846121"	0.289503091111765	7.12343616511084	3.93013933064354	0.000196597484943455	0.0160082604465278	0.592372111059567	"MRPL10"
"16882039"	0.487124112772433	5.15020492930719	3.92913040554213	0.000197273932082	0.0160082604465278	0.589266982673982	NA
"16816901"	-0.252812676680561	11.4773642596961	-3.92147921309616	0.000202476956831739	0.0163730230092575	0.565735276654562	NA
"16684389"	0.587413018909126	2.88028072307611	3.91394046979788	0.000207732127133452	0.0167394456592869	0.542577228246012	"SNORD85"
"16692470"	-0.302166536579416	6.7273244545402	-3.91271791408499	0.000208596591931491	0.0167507409083319	0.538824301217615	NA
"16798222"	1.14362926630023	4.74826774377829	3.90513625661876	0.000214035100575708	0.0171279922872471	0.515566866936638	"SNORD116-25"
"16679764"	-0.65947536408336	5.76869959218964	-3.89708499978415	0.000219959249729176	0.017531681984567	0.49089964413868	"OR2L8"
"16918607"	-0.601345758924295	4.04859488626132	-3.89623227499976	0.000220595816902712	0.017531681984567	0.488288947653681	"MIR499B"
"16874000"	-0.943247189802544	4.96976181886354	-3.89094953375267	0.000224578974739006	0.0177856436486377	0.472123290021989	NA
"16991760"	-0.566058421684928	3.58403978869421	-3.88996430077462	0.000225329424008771	0.0177856436486377	0.46910990506983	"MIR3142"
"16719149"	-0.324933635822598	8.77788795255562	-3.88451570494556	0.000229523205771008	0.0180550448294766	0.452453713625792	"C10orf88"
"16842464"	0.319635022167418	10.8963798185541	3.88140956267032	0.000231947377386508	0.018183888124806	0.442964868747468	NA
"17058812"	-0.452711206664926	8.3641992180208	-3.87399355341238	0.000237834789806484	0.0185824499454546	0.420329196616454	NA
"16729856"	0.361447206481652	3.7735290822128	3.86827713834968	0.000242470385620074	0.0188808505327793	0.402899686172416	"MIR3166"
"16798134"	-0.436908552331422	5.74495506653942	-3.86656764080754	0.000243873395134025	0.0189263758700154	0.397690520507449	NA
"16965060"	0.295621160712979	5.42935286870775	3.86009229162841	0.000249258662519003	0.0192796156791872	0.377972026974926	NA
"17095336"	-0.65050379245813	8.72719566961296	-3.85221957646715	0.00025595956928335	0.019686217973728	0.354026368612778	NA
"16662251"	-0.314119924476215	4.94616763621677	-3.85192002598681	0.000256217910238775	0.019686217973728	0.353115864335933	"LOC101929464"
"16873735"	0.337749184424628	5.98761820503473	3.84931810733529	0.000258472408390893	0.0197936800955503	0.345209033457251	"KPTN"
"16733600"	0.361676021543021	5.92884562120321	3.84748112739631	0.000260075533167856	0.0198507156949604	0.339628765187944	NA
"16735834"	-0.415115142730105	10.4124769664655	-3.84294498426321	0.00026407509153971	0.0200896863224963	0.325856349353745	NA
"16950017"	-0.233143227878541	10.0625782877187	-3.84070082400045	0.000266075496724766	0.0201755016811595	0.319046538277228	"PAK2"
"16662621"	0.649972432425526	4.78808526714945	3.83699801875105	0.000269407865669302	0.0203435888834487	0.307816033423417	NA
"16679981"	0.471972897537786	6.52368276708046	3.83628785567887	0.000270051532287748	0.0203435888834487	0.305662912573813	NA
"16663005"	-0.641945452890967	4.42046919090516	-3.83182410341677	0.000274131151308357	0.0203659368063711	0.292135186775974	NA
"17118228"	0.698366336811512	9.59890605839183	3.8305582305938	0.00027529878268388	0.0203659368063711	0.288300684586067	NA
"17118232"	0.698366336811512	9.59890605839183	3.8305582305938	0.00027529878268388	0.0203659368063711	0.288300684586067	NA
"17118242"	0.698366336811512	9.59890605839183	3.8305582305938	0.00027529878268388	0.0203659368063711	0.288300684586067	NA
"17118246"	0.698366336811512	9.59890605839183	3.8305582305938	0.00027529878268388	0.0203659368063711	0.288300684586067	NA
"17021004"	-0.313850088570701	9.44894427269081	-3.83019806192706	0.000275631868395994	0.0203659368063711	0.287209831210664	"PHIP"
"16754935"	-0.361773859486261	8.26667739496879	-3.8269090537571	0.000278691454984407	0.0205264244567656	0.277251327292293	"TMTC3"
"16975999"	-0.363533137188988	6.02803821399453	-3.82562327327162	0.000279896361809373	0.0205497243160805	0.273359700223544	"RPL21P44"
"17096595"	-0.312925518915707	8.78286787423599	-3.82150463570164	0.000283789594355414	0.0207696264198028	0.260899556667783	"TEX10"
"16940691"	0.680019355191282	4.53832667448589	3.81902900147697	0.000286154619997399	0.0208246478970154	0.253414108933034	NA
"16980768"	-0.318812182699652	10.8537239194171	-3.81692342339932	0.00028818095305444	0.0208246478970154	0.247050009562947	NA
"16997117"	0.286088851698075	3.83006401492716	3.81673901269307	0.000288359075699858	0.0208246478970154	0.246492735494113	NA
"17106031"	0.343137613550153	8.36587748468375	3.81637306260606	0.000288712859542497	0.0208246478970154	0.245386915019249	"PRPS1"
"16678304"	0.401001875100162	9.23844040395098	3.81589216236306	0.000289178403428484	0.0208246478970154	0.243933843153698	NA
"16859763"	0.277790455769766	11.8362536844105	3.8151028430319	0.000289944075013575	0.0208246478970154	0.241549115356287	NA
"16973210"	-0.56375716682746	7.88994540656482	-3.81362596806285	0.000291381915999353	0.0208631256077926	0.237087956812498	NA
"16957636"	-0.268120082309431	7.76594368188178	-3.81228340523818	0.000292694911753283	0.0208687972269641	0.233033466381263	"ZBTB20"
"16899892"	-0.478883843081339	3.86751849701837	-3.81170141607298	0.000293265840738675	0.0208687972269641	0.231276163123773	NA
"16659200"	0.245358081699174	7.08973073390022	3.80885415730839	0.000296074379216982	0.0210040250556784	0.222681394314636	"MIIP"
"16742840"	-0.403740217117971	8.21322524258974	-3.80731230529002	0.00029760598332266	0.0210456616979062	0.218028851335961	"LOC100506282"
"16961648"	-0.487229426001933	3.169187485263	-3.80455637340097	0.000300362496067045	0.0210456616979062	0.209715813551905	NA
"16810943"	0.376429967312806	4.64940745701432	3.80441161567242	0.0003005079572749	0.0210456616979062	0.209279270206269	"SCARNA14"
"16869221"	0.241595278033231	7.97822107885204	3.80430597818703	0.000300614150648794	0.0210456616979062	0.208960707786178	"WDR83OS"
"16712605"	-0.46379106654047	5.65702816819318	-3.80371260623015	0.000301211312405715	0.0210456616979062	0.207171428943008	NA
"16734524"	0.654043393821517	8.87125036365795	3.7986706630082	0.000306331438217583	0.0212890500178987	0.191974936105667	"SNORA54"
"16839497"	-0.266993131753853	11.440537450702	-3.7984710896657	0.000306535809052633	0.0212890500178987	0.191373684137549	NA
"16904097"	-0.741516427681568	5.83606202922381	-3.79638816623286	0.000308676599774633	0.0213735440808022	0.185099694106262	NA
"17100614"	0.47180311678551	7.20948558943878	3.79104973009093	0.000314228817714857	0.0216930443799746	0.169029805945981	NA
"17115608"	0.229932044626992	8.32702606965332	3.7887823207606	0.000316615805238222	0.0217927789516201	0.162208778845315	"SLC10A3"
"16969633"	-0.420487339171757	8.11033924602582	-3.78327491103055	0.000322486065299638	0.0221309650806669	0.145651785823404	NA
"16953237"	-0.369692049897258	6.15901523711419	-3.78205356194482	0.000323801903785889	0.0221555225705807	0.141982122978655	"LOC100133032"
"16803616"	-0.499891210177391	5.06820757083226	-3.77872145553586	0.000327417948386945	0.0223368580895129	0.131974353281028	NA
"16869660"	0.322473044296227	7.42855699694291	3.77702857631433	0.000329269836420597	0.0223463847311911	0.126892069544135	"NDUFB7"
"16773967"	-0.324648438528641	6.27241159412263	-3.77682784486201	0.000329490084893682	0.0223463847311911	0.126289539938607	"NBEA"
"16790255"	-1.4302743664922	3.68234566037577	-3.77368579499597	0.000332956039591015	0.0225154220105889	0.11686082678473	NA
"16776313"	0.386025894343188	3.07655287866151	3.77229571000579	0.000334500516594832	0.0225539167559437	0.112691048509543	"LINC00343"
"16767663"	0.481301046695019	6.93364304911979	3.76558640209939	0.000342051764923663	0.0229960208354348	0.0925793377679041	NA
"17018718"	0.401932917400765	2.2843851363228	3.76111138255441	0.000347178596592673	0.02319820115144	0.0791779248516304	NA
"16923682"	-0.425880061043064	6.42608894749152	-3.76040203082509	0.000347997979933417	0.02319820115144	0.077054561957044	"LINC01424"
"16908606"	0.481861017791291	9.57185487321498	3.76034121968337	0.000348068309748332	0.02319820115144	0.0768725428225432	NA
"16820437"	-0.610528442536942	4.08850536519587	-3.75344828941681	0.000356128777361176	0.0236672133161837	0.0562530351344881	NA
"17024225"	-0.357322645081145	2.50986958021591	-3.75247992274307	0.000357275350845851	0.0236753783352779	0.0533582225952829	NA
"16784272"	-0.349844848939956	6.6074196651688	-3.75055280283205	0.000359567613152071	0.0237526643977823	0.0475987731938519	NA
"16818666"	-0.388481172917113	6.11004697114171	-3.7497758475611	0.000360495749713391	0.0237526643977823	0.0452772824168086	NA
"16817811"	0.217151575643342	9.53544636113986	3.74760271895345	0.00036310389394053	0.0238565447589848	0.0387857715476461	"PPP4C"
"17012370"	-0.327080611998491	5.59885513034701	-3.74642469141072	0.000364525259990012	0.0238820841013853	0.0352678180755897	NA
"16859802"	0.305667294005922	8.69977924505309	3.74314798114011	0.00036850681750862	0.0240431596660182	0.0254863195048314	"SSBP4"
"16932178"	-0.287674703739031	7.27635885351016	-3.74269289246209	0.000369063072661239	0.0240431596660182	0.0241282465110704	"DGCR11"
"16758613"	0.31082226981464	10.2551326883325	3.73004334957443	0.000384849365736539	0.0250011552848004	-0.01357754528411	NA
"16875763"	0.391459451881036	5.43911382672445	3.72637442301063	0.00038954735346238	0.0252354667885839	-0.0244983675799828	"UBE2S"
"16802553"	-0.334871414984403	7.49351729294103	-3.71310850109332	0.000406994957454536	0.0261769680921194	-0.0639268882093189	NA
"16861390"	0.357581705846934	11.2668934210189	3.71297421641818	0.00040717532554249	0.0261769680921194	-0.0643255355177343	NA
"16822466"	0.262934757141736	7.55103868572601	3.71275013356955	0.000407476478279197	0.0261769680921194	-0.0649907432888988	"C16orf13"
"16909724"	0.266829562481094	9.42482638934571	3.70825394213499	0.000413564160174593	0.0264944552142876	-0.0783325021662415	"ARL4C"
"16842431"	0.339216228269798	5.64732506721394	3.70650868853636	0.000415950463884923	0.0265737192769796	-0.0835084275506244	NA
"16866286"	0.422290396294681	11.4336697570503	3.70446523065165	0.000418761196770463	0.0266726234528401	-0.0895667164991121	NA
"17101654"	-0.362102931021263	6.15533797580695	-3.70240355054654	0.00042161534623576	0.0266726234528401	-0.0956768136628074	NA
"17014091"	-0.299418578024882	8.86404197493926	-3.70218938131042	0.000421912899355002	0.0266726234528401	-0.0963114085457564	"SNX9"
"16835738"	0.328381965618791	5.6097785003633	3.70204628109104	0.00042211182530114	0.0266726234528401	-0.0967354087430481	NA
"16877760"	-0.45666287597301	7.07430972118566	-3.70048936826703	0.000424281903665939	0.026711408909471	-0.101347785289119	NA
"16773759"	-0.318854932313368	9.68827433819218	-3.69995040370994	0.000425035606809588	0.026711408909471	-0.102944179434868	"FRY"
"16695388"	-0.48624508483633	5.67989823252203	-3.69777303923183	0.000428093512538624	0.0268097019609281	-0.109391905828663	NA
"16670248"	-0.506099854328069	6.04800532601703	-3.69718840992923	0.000428918135752297	0.0268097019609281	-0.111122717326469	NA
"16796057"	0.271068319921527	4.92915145375219	3.69561176226461	0.000431149564004623	0.0268765389938947	-0.115789532763791	NA
"16727802"	0.251545410790427	8.03400251625058	3.692914254322	0.000434993037133175	0.0270432364779004	-0.123771023184202	"RAD9A"
"16693516"	-0.282921733935808	9.44701049107374	-3.69203779957904	0.000436248846264632	0.0270485980363596	-0.126363488213544	NA
"16949663"	0.459722721522611	3.38339411033328	3.68877537282098	0.000440953790024219	0.0272672147109361	-0.136009868132692	NA
"16712934"	-0.399272210562449	8.22330474591035	-3.68705090607551	0.000443460251369838	0.0273490806224806	-0.141106527959511	"MIR604"
"16716499"	-0.46038719104248	6.09471269186029	-3.68342001115728	0.000448782123227204	0.0276036812869031	-0.151832513316827	"NUDT9P1"
"16972658"	0.464219104342221	3.72910020332465	3.67998282009715	0.000453876127581052	0.0278429527919549	-0.161979875725382	NA
"16948561"	0.712239207977219	6.94478361901539	3.67867430550803	0.000455829823961841	0.0278888262930304	-0.165841267021242	NA
"16997245"	-0.305157177598585	6.91202540312097	-3.6767195227342	0.000458763376319668	0.0279857842279616	-0.171608093840075	"FAM169A"
"16852497"	-0.252558684227498	9.20153537714253	-3.67600858497946	0.000459834738903681	0.0279857842279616	-0.173704938704313	"WDR7"
"17014169"	-0.282253665089659	8.51228084511854	-3.67379285374781	0.000463189097570845	0.0281159429383751	-0.180238318080834	"TULP4"
"16970013"	-0.405654595084152	4.4152625626569	-3.67201085098567	0.000465903745582303	0.028206690900738	-0.185490907145399	NA
"16904588"	-0.363711850369823	7.80137556124338	-3.6701617636216	0.000468736611117913	0.0283041034081566	-0.19093945640387	NA
"17112835"	-0.358085145209355	8.15008926014601	-3.6678044380145	0.00047237191786859	0.0284493368347575	-0.197882962498147	"ZMAT1"
"16921624"	-0.436305580417457	7.00678893806318	-3.66382833646989	0.000478564526235491	0.028593088955154	-0.209587901078772	NA
"16768006"	-0.653046743301745	5.52465991293251	-3.66376330226083	0.00047866645417912	0.028593088955154	-0.209779280563306	"MIR618"
"16691383"	-0.440958600056025	6.90077122521306	-3.66361972764534	0.000478891551522341	0.028593088955154	-0.210201776960788	NA
"16978500"	-0.343094975312622	5.82642345664374	-3.66310194197936	0.000479704177567335	0.028593088955154	-0.211725371715581	NA
"16700934"	-0.307586321913517	8.47565013444003	-3.66194456306667	0.000481525349672455	0.0286278579996783	-0.215130467873294	"HEATR1"
"17046586"	0.583665331378326	10.3433430679609	3.65817615944243	0.000487500791334119	0.0289087969261133	-0.226212465976791	"SNORA22"
"16908926"	-0.599532446017013	7.46088976412421	-3.65711862204754	0.000489190345569437	0.0289347957083999	-0.229321081006187	NA
"16868472"	0.322425683746602	8.17727824359581	3.65460284389171	0.000493232072001544	0.0290270531421563	-0.236713781452428	"FBXL12"
"17104673"	-0.806598161308183	7.24957343103816	-3.65458531762622	0.000493260340072964	0.0290270531421563	-0.236765271171191	NA
"16831523"	0.752598751209003	2.93731661544932	3.65266165038142	0.000496372413990923	0.0290635787099473	-0.242415742618689	NA
"17028690"	0.352718723220814	4.32465817332743	3.65264809302603	0.000496394413042296	0.0290635787099473	-0.242455558235046	NA
"16668109"	0.356438515671982	8.62126634486892	3.65013986013518	0.000500480450371614	0.0291706949114888	-0.249820120938126	"SCARNA2"
"16708666"	-0.300404743406627	3.88163979233434	-3.64997717963063	0.000500746568074591	0.0291706949114888	-0.250297660469308	"MIR146B"
"16991470"	0.60041008241272	9.26354102137006	3.6483299902091	0.00050344869017882	0.0292235292795421	-0.255132098181284	NA
"17103282"	0.258411122356272	8.0945007266317	3.64788518291023	0.000504180749017915	0.0292235292795421	-0.256437342381136	"FTSJ1"
"16909081"	-0.256899118581925	10.2837292661732	-3.64605464365314	0.000507204111746837	0.0293008852614374	-0.261807772433924	"DOCK10"
"16951409"	-0.30056786498934	8.97577157792991	-3.64554480055645	0.000508049249355143	0.0293008852614374	-0.263303230003719	"SATB1"
"16669721"	-0.277300547841637	10.3120351497737	-3.64428803886387	0.000510138240446286	0.0293481768328389	-0.266988935666743	NA
"16871781"	0.415364676918814	5.4964243784362	3.64173069306916	0.000514414341658087	0.0295207456067657	-0.274486259739976	NA
"17088957"	-0.277735657559393	10.2220677483583	-3.63906493453028	0.000518908029312733	0.0297049158265237	-0.282297693917903	"LOC100129034"
"16753399"	-0.298574944173621	5.6085720571376	-3.63757412120504	0.000521437369786476	0.0297760050643255	-0.28666454541731	NA
"16664746"	-0.481898439726921	8.36332532593668	-3.63652443210339	0.000523225326672028	0.02980451263533	-0.28973855363934	NA
"17112784"	0.375943068037744	3.53320104181475	3.63438693424975	0.000526884225999664	0.0298807939482556	-0.295996379033606	NA
"16777020"	-0.287062484119057	6.18461043594114	-3.63423308079231	0.000527148524706547	0.0298807939482556	-0.296446712222276	"MIR4502"
"17000460"	0.335557488522334	5.88377381865352	3.63042023419664	0.000533738915627607	0.0301803909577498	-0.307602962227169	NA
"16976360"	-0.469285587033505	4.25539614176835	-3.62898501310075	0.000536239904816778	0.0302074688502563	-0.311800346626602	NA
"16992462"	-0.434918198331505	7.76550494121758	-3.62864725254916	0.000536830098908433	0.0302074688502563	-0.312787985547978	NA
"16961947"	0.998039964414389	9.91800407596675	3.62582660099068	0.000541783024679259	0.0303894444197559	-0.321033404727874	NA
"17117443"	0.658751668293336	8.64593835938101	3.62531154769336	0.000542692115075851	0.0303894444197559	-0.322538563571028	NA
"16692168"	-0.345746027022996	6.88423534700079	-3.62289941002986	0.000546968987501003	0.0304954513309245	-0.329585742756525	NA
"17092786"	-0.487570065243552	4.39423607629687	-3.62275705366941	0.000547222393839826	0.0304954513309245	-0.330001546113455	"MIR4473"
"16839488"	0.834413194349684	9.66565534880927	3.6217266082375	0.000549060006943386	0.0305243047610088	-0.333011010493497	NA
"16775154"	-0.40098196353571	2.73855180622849	-3.61964837337684	0.00055278403848127	0.0305476706643234	-0.339078854885591	NA
"17102290"	0.379759295862419	3.95022591789428	3.61904907878936	0.000553862382448768	0.0305476706643234	-0.340828189729738	"MAGEB5"
"17062217"	0.599345430167825	3.7648232270616	3.61855884230951	0.00055474597984201	0.0305476706643234	-0.342259041236233	NA
"17103185"	0.260686705890055	9.61244480343409	3.6170128974203	0.000557541165787408	0.0305476706643234	-0.346770337348969	"TIMP1"
"16874467"	0.228853406859981	9.1083919713344	3.61697958274152	0.000557601548472795	0.0305476706643234	-0.346867540340826	"VRK3"
"16691925"	-0.304180879857531	6.68314334092669	-3.6169534079108	0.000557648994583666	0.0305476706643234	-0.346943910816917	NA
"16774612"	-0.40746435598203	3.34787860183298	-3.61574768657615	0.00055983872692305	0.0305476706643234	-0.350461451621658	NA
"16988301"	-0.264521073707611	8.72485776353183	-3.61563311183808	0.000560047233176509	0.0305476706643234	-0.350795668280736	"DMXL1"
"16772538"	0.308931001706945	7.64406375101924	3.61476219397293	0.000561634569862661	0.0305621710522677	-0.3533359206347	NA
"16906256"	-0.389078121134058	4.59472843036299	-3.61190608687399	0.000566870197915068	0.0306637620160405	-0.361663608817729	"LINC01473"
"16819745"	-0.39814139161202	6.58929941550868	-3.61166502283166	0.000567314218686962	0.0306637620160405	-0.362366289331847	NA
"16788417"	0.489541635915521	5.69394977464384	3.61112279913845	0.000568314160632541	0.0306637620160405	-0.363946709138621	NA
"16890402"	-0.523579954273831	3.3803826242785	-3.61085695519508	0.000568805028965338	0.0306637620160405	-0.364721506687992	NA
"16912939"	-0.535640479443654	7.53169915910819	-3.60882665026072	0.00057256721279491	0.0306904504808025	-0.37063753620569	"MIR644A"
"16852537"	-0.499882592706073	4.07096238577415	-3.60873060219464	0.000572745776165043	0.0306904504808025	-0.370917351903199	NA
"17020532"	0.479873553262028	7.33421114981013	3.60844276498203	0.000573281212768913	0.0306904504808025	-0.371755874803934	NA
"16992346"	-0.606337989304476	6.36593112962133	-3.60608279059876	0.000577689238535791	0.0308550092831807	-0.378629226744913	NA
"17118039"	-0.52449094437052	4.6277620616883	-3.60145987504857	0.000586417622412202	0.0312490330726428	-0.392084593115246	"LOC100507209"
"17118009"	0.312364810467758	4.64253672841984	3.6003072799955	0.000588613249568221	0.0312939278684235	-0.395437511342395	"LOC105377021"
"16897144"	-0.713719429562497	4.94701841100222	-3.59944419180022	0.000590262498061522	0.0313096348455707	-0.397947777992639	NA
"17116384"	-0.370433287089153	8.52025690400741	-3.59670324726972	0.000595529262813122	0.0314874767314312	-0.405917057086626	"TXLNGY"
"16776050"	-0.436296494514138	5.87214928410059	-3.59628427267561	0.000596338254350623	0.0314874767314312	-0.407134864099853	"MIR623"
"16794437"	-0.398120553195554	7.27355971470581	-3.59166866340225	0.000605319886026299	0.0316837781298257	-0.420544457802063	NA
"16875285"	0.330616402692026	5.86534300418942	3.59087600145604	0.000606875226490437	0.0316837781298257	-0.42284619104543	"LOC101928780"
"17083913"	0.398463587864571	2.8270027966574	3.59070512952509	0.000607211004203844	0.0316837781298257	-0.423342324541352	NA
"16921456"	-0.442732453707946	7.37827038018021	-3.59054422499646	0.000607527356554651	0.0316837781298257	-0.423809502777788	NA
"17118281"	-0.373761816177539	6.40714580403221	-3.5904548177693	0.000607703206666886	0.0316837781298257	-0.424069086099803	"LOC100506458"
"16853815"	-0.51946866895986	3.8112716782758	-3.59016379796331	0.000608275932444442	0.0316837781298257	-0.424913997637146	NA
"17078558"	-0.244151291091759	10.1759731971351	-3.58814052232149	0.000612271935073759	0.0317423733492895	-0.430786857292693	"PAG1"
"16989241"	0.535195899183719	6.94941786021923	3.58723066732121	0.000614077034507894	0.0317423733492895	-0.433427121524622	"MIR3661"
"16701689"	0.50677091780265	6.48910393326825	3.58722940147821	0.00061407954938631	0.0317423733492895	-0.433430794499482	NA
"17048672"	-0.580526332505741	3.65383130564578	-3.58632411023784	0.000615880620395538	0.0317423733492895	-0.436057367689772	NA
"16889751"	-0.388158439175965	7.92318345651525	-3.58610503737173	0.000616317218213575	0.0317423733492895	-0.436692909282128	NA
"16786255"	0.396565584304064	6.33137383267872	3.58544419798201	0.000617636010169078	0.0317423733492895	-0.438609879895777	"ACOT2"
"16782082"	-0.413621536546007	10.5693519128097	-3.58143858460111	0.000625687307888283	0.0320711624714023	-0.450224319770522	"YME1L1"
"16704960"	-0.266751985438169	8.04128549893937	-3.5802982559288	0.000627997546709872	0.0320711624714023	-0.453529150433238	"SGMS1-AS1"
"16907641"	-0.410385538047574	6.95437167036187	-3.57988287936763	0.000628841087246339	0.0320711624714023	-0.454732793135066	NA
"16709242"	-0.388571862578395	7.26819253981041	-3.5795192224407	0.000629580480045689	0.0320711624714023	-0.455786489842613	NA
"17100691"	0.368415981574204	10.3635314806723	3.57757511349	0.000633547303859387	0.0322023043875957	-0.461418325731036	NA
"17101981"	0.286041922725157	1.95959752316717	3.57593238978379	0.000636917669328553	0.0323026204793014	-0.466175478986997	"EIF1AX-AS1"
"16822256"	-0.252539638401499	12.3944394268155	-3.57450654106536	0.000639856875914996	0.0323806782697727	-0.47030339065435	NA
"17065630"	-0.345593027260752	5.94449228469539	-3.57375333056957	0.000641414720476559	0.0323886424464222	-0.472483528767826	"MIR597"
"17081211"	-0.751375939490819	5.6353126256746	-3.57113084873074	0.00064686688534791	0.0325927896676277	-0.480071779711023	NA
"16698764"	-0.390443619371333	5.79468721757078	-3.57011039721224	0.000649000287765192	0.0326291949024904	-0.483023478534482	NA
"16872323"	-0.272651587444147	7.46285926612782	-3.56693971577393	0.000655671782295356	0.0328811089301131	-0.492191171414565	"ZNF780A"
"17117453"	0.605001301987464	9.11488425793695	3.56638085375101	0.000656854426674979	0.0328811089301131	-0.493806491733422	NA
"16752242"	0.382524225005706	4.08564373236953	3.56563419325401	0.000658437645358655	0.0328891737023966	-0.495964352906866	NA
"16866565"	0.235221724476199	9.21473590598778	3.56081026865227	0.000668753965671809	0.033332484836405	-0.509898209658559	"POLR2E"
"16907602"	0.392010782760919	1.85984112670509	3.55602921744037	0.000679129911426948	0.0337768547560667	-0.523695626962078	NA
"16822892"	0.796237284204136	8.01114456668076	3.55399972930924	0.000683580404141265	0.0339252446493027	-0.529548636878094	NA
"16961037"	-0.35931250061566	10.6385364568202	-3.55305527768092	0.000685660932741334	0.0339556325299975	-0.532271647359557	"SCARNA7"
"16815064"	0.762777436905895	6.73852743793799	3.54917243854006	0.000694277748287621	0.0342488962537265	-0.543461358459399	NA
"16762280"	-0.336594941956141	6.93338925634272	-3.54905293568644	0.000694544573139522	0.0342488962537265	-0.543805614582934	NA
"16873654"	0.268425928566254	9.39000008407279	3.54557493962103	0.000702352985349299	0.0345602499833473	-0.553821354386057	"TMEM160"
"16873940"	0.243204558434496	6.48907252726641	3.54172573846368	0.000711091893077673	0.0349159707244317	-0.564898293303618	"TMEM143"
"16862145"	0.298728637811511	9.84393352927036	3.53993808369079	0.000715185433006553	0.0350425709939461	-0.570039889353915	"PSMC4"
"16991694"	0.454144182847626	4.48797547206287	3.53787840829632	0.000719929594101949	0.0352004476169044	-0.57596167363941	NA
"16802244"	0.283201165128621	4.84949192404733	3.53696683880037	0.000722038779654215	0.0352290946351541	-0.578581783685773	NA
"16726707"	0.296819104975201	8.60466835078364	3.5352107076811	0.000726118646260518	0.0353535703832989	-0.583628108729928	"MRPL49"
"16771356"	0.330177967358992	6.72071724776338	3.53419464182865	0.000728489161872236	0.035394472366847	-0.586547042424787	NA
"16692383"	-0.231049328410615	10.1035705291998	-3.52832988220563	0.000742315973909895	0.0358875068860977	-0.603384034192271	NA
"16705437"	-0.274165107658779	6.76783010774083	-3.52821481115807	0.000742589740505206	0.0358875068860977	-0.603714198134647	"MIR1254-1"
"16743955"	-0.32635952324172	6.35450635714056	-3.52791978644278	0.00074329207413157	0.0358875068860977	-0.604560654869079	"KBTBD3"
"17118264"	-0.353980832685489	8.88663427294351	-3.52630210072617	0.000747154337175461	0.0359022389955575	-0.609201106175685	NA
"16792927"	0.273515510709144	4.30322733308724	3.52592927849206	0.000748047154156798	0.0359022389955575	-0.610270368527971	NA
"16716121"	0.305609374401124	5.79307786075936	3.52565034031949	0.000748715803697942	0.0359022389955575	-0.611070318891276	NA
"16873992"	0.426579985736113	6.80653272436325	3.52519572780915	0.000749806781461248	0.0359022389955575	-0.612373982812588	NA
"16799755"	0.283880531725993	5.26749857835595	3.52231936151757	0.00075674450269796	0.0361595663510242	-0.620619699362332	NA
"16736449"	0.252792999815668	5.23038110397616	3.52084976317293	0.000760312590708216	0.0362551531655854	-0.624830842236165	"LOC100292073"
"17078969"	-0.309487032669804	4.1437243096103	-3.51543801337184	0.00077358999048266	0.0367573752365755	-0.640327890728199	NA
"16686192"	-0.364816326944985	5.21142109281443	-3.51526280295834	0.000774023511056872	0.0367573752365755	-0.640829349688396	NA
"16983000"	0.586740023845594	4.62019876824169	3.51283013400896	0.000780066479404483	0.0369321621449432	-0.647789975524773	NA
"16745992"	0.341746298301314	5.37101483962141	3.51249680790843	0.000780897967262387	0.0369321621449432	-0.648743468827155	NA
"17117545"	-0.409806776008759	6.75211675823625	-3.51185470265641	0.000782502079046115	0.0369325011879581	-0.650580063336568	"LOC100131541"
"16771478"	-0.818067387786678	6.2992424411051	-3.50935426251034	0.000788778512674947	0.0370931825469366	-0.657729807500226	NA
"16972819"	-0.375338020415596	7.08440206873237	-3.5090705798022	0.000789493600259324	0.0370931825469366	-0.658540747975824	NA
"16981490"	-0.245599073861293	6.93094091754726	-3.50837111648895	0.000791259385073609	0.0370931825469366	-0.66054005452453	"LOC101930370"
"16668601"	0.72605930661064	4.7344555628863	3.50795088391255	0.000792322055527594	0.0370931825469366	-0.661741092388935	NA
"16788002"	-0.452257341511413	2.94491304649184	-3.50677376481845	0.000795305922498714	0.0371450036711937	-0.66510481094047	NA
"17049326"	-0.447849991399984	8.63578094722443	-3.5062483469865	0.00079664123409487	0.0371450036711937	-0.666605987686108	NA
"16668283"	-0.401365359336233	7.50299190572705	-3.50546684068009	0.000798631307752451	0.0371628697271447	-0.668838552324235	"GNAI3"
"17072653"	-0.25173831214974	5.90296691066184	-3.49715485154122	0.000820091053273916	0.0380848309017387	-0.692562666759462	"PCAT1"
"16769734"	-0.590777858283515	6.29423931020932	-3.49294149826334	0.000831176595214574	0.0384490254703014	-0.704573668541295	NA
"16765884"	0.327303287856672	6.27618386072451	3.49287536459066	0.000831351722653168	0.0384490254703014	-0.704762116424838	NA
"16931361"	0.332290411589972	8.00829916889625	3.49228338000139	0.000832920904597267	0.0384490254703014	-0.706448867132859	"TTC38"
"17085500"	-0.549737594800518	8.03159114786324	-3.49092368753399	0.000836535691284248	0.038538966000659	-0.710322315436897	"FRG1HP"
"16749575"	-0.554972348415272	3.41363929540283	-3.49017736069939	0.000838526137944738	0.0385538647957216	-0.712447986504437	NA
"16746591"	-0.219451359913828	9.64964358933608	-3.48911627371427	0.000841363772129842	0.038607579281839	-0.715469612120286	"WNK1"
"17105005"	0.493932142340793	4.27021177785077	3.48808903726467	0.000844119544877485	0.0386573321076863	-0.718394240467641	NA
"16850426"	0.465025608672192	6.51141396500495	3.48302612174094	0.000857827226617376	0.0392074511264428	-0.732800124807347	NA
"16692209"	-0.22512288268773	10.1602759529467	-3.48153835258374	0.000861895223375325	0.0393156821124283	-0.737030643678805	NA
"16956609"	0.440407222318175	3.02705669969649	3.48045491844082	0.000864869139054327	0.0393736783049398	-0.740110639369955	NA
"17099887"	-0.482307100016754	6.84599941011948	-3.4791440776092	0.000868480254220949	0.0394603985056344	-0.743836225381281	NA
"16872567"	0.308346859249827	7.90786326737913	3.47836016671565	0.000870646595915789	0.0394812623994989	-0.746063743295152	"EXOSC5"
"16842456"	-0.441013861708109	8.79300708116515	-3.476869790189	0.000874779378546902	0.039574674014599	-0.750297760296718	NA
"16811151"	-0.326405499553262	7.79345150816656	-3.47638456507367	0.000876128901088541	0.039574674014599	-0.751675968320636	"ANP32A-IT1"
"16820570"	0.445087681620919	2.00234078062765	3.47369136463455	0.000883655217350002	0.0398368308219367	-0.759323181116018	NA
"16780045"	-0.423744471228532	5.56620445489777	-3.47137649771814	0.00089017313632877	0.0400525955717421	-0.765892864608428	NA
"16913143"	0.203656489627535	7.59954780513844	3.47046016437799	0.00089276578864149	0.0400912512503141	-0.768492619176347	"ERGIC3"
"16872735"	0.325092494203274	9.97464911378736	3.46700585362947	0.000902603744833582	0.0404544899355935	-0.778288675930572	"DEDD2"
"16763373"	-0.399277989576495	8.22181858162044	-3.46486493617616	0.000908752542983855	0.0406512960572294	-0.784356704369625	NA
"16886200"	-0.302534625966691	8.23008369666691	-3.46239982881737	0.000915881530109138	0.0408911045305676	-0.791340376973532	NA
"16887962"	0.247328067640098	4.77056981470034	3.46041707169162	0.000921653954247246	0.0410695394987978	-0.79695505087576	NA
"17118451"	-0.365984257445513	8.44835071280638	-3.45956704354211	0.000924139180545425	0.0411010900547578	-0.799361436839167	"TXLNGY"
"16937793"	-0.373291358512431	5.83912246466067	-3.45802560393859	0.000928662070752982	0.0411884009876708	-0.803724128744688	NA
"16709239"	-0.446489193421919	6.4856838271341	-3.45768501127359	0.000929664258899301	0.0411884009876708	-0.804687916662738	NA
"16963646"	0.407434247076128	7.04319909534116	3.45625984744723	0.000933868890477378	0.0412928348421563	-0.808720043169612	NA
"16790467"	-0.543068396507794	6.71548098781256	-3.45567741570747	0.000935592400972451	0.0412928348421563	-0.810367549169396	NA
"16730366"	0.326001197735028	3.8630545497691	3.45486159240248	0.000938011616160102	0.041320751708447	-0.812674918872522	"MIR1260B"
"17005757"	-0.281445789868011	5.77476424017562	-3.45366038595439	0.000941584409042832	0.0413992825626113	-0.816071569319017	"LOC105374989"
"17062913"	0.278252087202556	2.65361642438048	3.4516225714444	0.000947675022159148	0.0415880080407488	-0.821832022309477	NA
"16859014"	-0.365418007983929	6.88693042436389	-3.45056769599459	0.000950842452481287	0.0416479799214673	-0.824812996629123	NA
"16787116"	-0.329624047718945	4.50718902759546	-3.44863588644752	0.000956668996983439	0.0417782787547109	-0.830270461368949	NA
"16889756"	-0.551578510560756	7.10042296624901	-3.44838433669251	0.000957430178579011	0.0417782787547109	-0.830980946726568	NA
"17096956"	-0.453124504145531	6.32957129466026	-3.44740116097069	0.000960410736195983	0.0418294144934171	-0.833757515298086	"MIR32"
"17102272"	0.521520587073063	3.74638775410405	3.44397765212694	0.000970857948497133	0.0421994743352508	-0.84342149320159	"SCARNA23"
"16904580"	-0.312817591320341	5.89547765739403	-3.44342425990157	0.000972556744095157	0.0421994743352508	-0.844982998217984	NA
"17058276"	0.314039088179624	3.59717093493339	3.44238585727928	0.000975752007536931	0.0422588327309112	-0.847912584869375	NA
"16794955"	0.713834025708295	7.82939470289809	3.43980910749424	0.000983723850607459	0.0425244513887826	-0.855179570163181	NA
"16851247"	-0.507044613368198	5.09164036284311	-3.43764173725854	0.000990476823075534	0.0426649432699506	-0.861289087158265	NA
"16915993"	0.394273370480946	9.45919406725986	3.43758202504766	0.000990663490118193	0.0426649432699506	-0.861457369704685	"PPDPF"
"16893456"	-0.452383844682604	8.8435423007591	-3.43557091783424	0.000996969898365285	0.042760091770623	-0.867123937705175	NA
"16975458"	-0.526725682065349	3.75596608980583	-3.43408593972212	0.00100165081834777	0.042760091770623	-0.871306583906641	NA
"17010398"	-0.273929488222271	6.63058709585124	-3.43398093007673	0.00100198261321883	0.042760091770623	-0.871602310430077	"LOC100506804"
"17045540"	-0.301408096790745	10.1763356623598	-3.43383482540399	0.00100244442731426	0.042760091770623	-0.872013757652132	NA
"17022161"	-0.379634480428887	8.24032517442477	-3.43328611106854	0.00100418062555143	0.042760091770623	-0.87355889018439	NA
"16839971"	-0.272848647036853	6.77705561917796	-3.43317413287744	0.00100453528714945	0.042760091770623	-0.87387419004412	NA
"16736931"	0.292024273866354	4.88784580802798	3.43223457836989	0.00100751574903027	0.042760091770623	-0.876519435543024	NA
"17095243"	-0.278999932777221	5.36371122417571	-3.43218784889117	0.0010076642026631	0.042760091770623	-0.8766509857328	NA
"16698034"	0.384846841830834	3.77653828623042	3.43127474202335	0.00101056918086732	0.0428048231610228	-0.879221262222882	NA
"17098504"	0.477562474477199	6.97182378226626	3.43028447359385	0.0010137285909181	0.0428601483037713	-0.882008199800921	"SNORA65"
"16995336"	-0.354323149258671	5.44302980650252	-3.42832225389516	0.00102001657371489	0.0430112345940277	-0.887528868297578	NA
"17083966"	0.36284954449723	6.37319215969058	3.42763318851059	0.00102223343486147	0.0430112345940277	-0.889467018428812	NA
"16793096"	-0.229478770518876	8.8974249518361	-3.42743203680352	0.00102288143843625	0.0430112345940277	-0.890032751258111	"DDHD1"
"17034570"	0.230337952320117	7.18995033922913	3.42576155813426	0.00102827785163715	0.0431596767237976	-0.894730025177846	NA
"17091397"	0.267149520330453	7.7161988445491	3.42242173924475	0.00103914778440239	0.0435369036410762	-0.904116581060173	"PHPT1"
"16783297"	-0.288538970960587	9.40193954830584	-3.42146886327309	0.00104226891579702	0.0435887038257465	-0.906793465744187	NA
"16819244"	0.42469499826297	9.34798037814262	3.41968132479428	0.00104814788506929	0.0436776689712792	-0.911813737549618	NA
"16866288"	0.444268830558778	10.7331266620871	3.41904417687881	0.00105025094232176	0.0436776689712792	-0.913602713782345	NA
"16687464"	-0.271291752375005	6.32122512265109	-3.41782119003932	0.00105429887673462	0.0436776689712792	-0.917035948911546	NA
"17005904"	-0.227543101049049	8.40056258742727	-3.41686546561796	0.00105747246303681	0.0436776689712792	-0.919718312982318	"ZKSCAN8"
"17016956"	0.242941984856444	6.53822630255813	3.41455832509055	0.00106517080900253	0.0436776689712792	-0.92619143995084	"NRM"
"17026696"	0.242941984856444	6.53822630255813	3.41455832509055	0.00106517080900253	0.0436776689712792	-0.92619143995084	"NRM"
"17028847"	0.242941984856444	6.53822630255813	3.41455832509055	0.00106517080900253	0.0436776689712792	-0.92619143995084	"NRM"
"17031625"	0.242941984856444	6.53822630255813	3.41455832509055	0.00106517080900253	0.0436776689712792	-0.92619143995084	"NRM"
"17034080"	0.242941984856444	6.53822630255813	3.41455832509055	0.00106517080900253	0.0436776689712792	-0.92619143995084	"NRM"
"17036347"	0.242941984856444	6.53822630255813	3.41455832509055	0.00106517080900253	0.0436776689712792	-0.92619143995084	"NRM"
"17039123"	0.242941984856444	6.53822630255813	3.41455832509055	0.00106517080900253	0.0436776689712792	-0.92619143995084	"NRM"
"17052603"	0.353994904873648	8.75062266753483	3.41399040557495	0.00106707391827353	0.0436782628458618	-0.927784378592142	"IFI6"
"16839602"	0.653640171707924	5.52394869682545	3.41260171552985	0.00107174098604842	0.0437917911384132	-0.931678688668285	"SNORD91B"
"16778489"	0.454870737801931	5.8916847639085	3.41107805705967	0.00107688383616357	0.043924325359709	-0.935950215995093	"RNU6-57P"
"16782576"	0.253522395872098	7.45985593644828	3.41021812511141	0.00107979667327519	0.0439655944768228	-0.938360418117088	"DCAF11"
"16903966"	-0.380074569020002	4.85396985318543	-3.40940047281985	0.00108257319871429	0.0440011781487969	-0.940651725052095	NA
"16858830"	0.308981692289355	7.90814722285767	3.40734211466699	0.00108959271339824	0.044181709914673	-0.946418158637313	"IER2"
"16771274"	0.278752184255481	5.0092773983111	3.40656808675044	0.00109224344769776	0.044181709914673	-0.948585945478169	NA
"16830575"	0.37951814151732	9.27962770959643	3.40548941651245	0.00109594761964984	0.044181709914673	-0.951606355587164	NA
"16706052"	0.26853114336362	6.88863252075858	3.40547263149373	0.00109600535333202	0.044181709914673	-0.951653350420622	NA
"16743364"	-0.348504967442985	5.413781618381	-3.40530943070057	0.00109656684788439	0.044181709914673	-0.952110272882787	NA
"17114310"	-0.378151047095202	2.62889039755926	-3.40351433750767	0.00110276084647279	0.0443540001676108	-0.957135083774511	"MIR19B2"
"17033894"	-0.341073370438989	5.96154664614864	-3.40227585307443	0.00110705350445413	0.0444493513845671	-0.960600757039666	NA
"16771317"	0.328099036572915	9.56886482132927	3.39590754468963	0.00112937674466537	0.0452670640795077	-0.978407335260655	NA
"16756307"	-0.341977558558786	5.40018580764008	-3.3950427261245	0.00113244082411316	0.0453113476457873	-0.980823669011445	"LOC101929132"
"17117999"	-0.364634633407726	7.31632220132429	-3.39443700485094	0.0011345915856808	0.045318997585561	-0.982515818370985	"LOC100508227"
"16947603"	-0.435215505903877	4.43258809523704	-3.39296950066049	0.00113981831930671	0.0454492728803555	-0.986614574263145	"MIR15B"
"16704767"	-0.453673516916117	7.71860595656746	-3.39164751691449	0.00114454621484105	0.0455232808765211	-0.990305823714209	NA
"16900509"	-0.246153712730141	11.5010717580044	-3.39111925892259	0.00114644062993745	0.0455232808765211	-0.991780545566036	NA
"16706415"	-0.469729700584287	6.30225424776546	-3.3908020613483	0.00114757957154027	0.0455232808765211	-0.992665978857458	NA
"17017176"	0.351390484763645	10.236642941812	3.3879253342779	0.00115795773873607	0.0458563161365566	-1.00069348824802	NA
"17052417"	-0.31964299479901	6.52582102319294	-3.38455718609285	0.0011702213482816	0.0462627506353992	-1.01008621766924	"TAS2R4"
"16805629"	-0.334073961319414	5.03678505818233	-3.38182392156278	0.00118026330470954	0.0465801185119752	-1.01770361812017	NA
"16880235"	-0.459790281511908	7.92959499426117	-3.38085138896349	0.00118385594318062	0.0466423107290258	-1.02041294718089	NA
"16811312"	-0.274023986962923	7.93325975438227	-3.3790905146519	0.00119038707156379	0.0467713598329204	-1.025317080432	"MYO9A"
"16798220"	-0.433111275983378	7.93541782652627	-3.37887838536634	0.00119117615521209	0.0467713598329204	-1.02590775083353	NA
"16850894"	-0.631514757478798	4.97887362838879	-3.37588816493928	0.00120235189549089	0.0471301564186742	-1.03423118772011	NA
"16938269"	-0.552493799888413	5.52952141202598	-3.37533731768095	0.00120442140948278	0.0471313941406231	-1.03576393347631	NA
"17088881"	-0.27304685593793	6.66188619597221	-3.37455863284113	0.00120735263520283	0.0471662912066486	-1.03793034184839	NA
"16925398"	-0.329792826481834	7.70553212430929	-3.36857388315138	0.00123010688119345	0.0479741683665445	-1.05456896425801	"RUNX1-IT1"
"16709429"	-0.241319600091643	9.1678813278357	-3.36705211043195	0.00123595689064768	0.0481211700505202	-1.05879642559926	"NHLRC2"
"16963665"	-0.543174171052431	6.80961714634397	-3.36527159602159	0.0012428348670028	0.0481978014353333	-1.06374095397496	NA
"16878215"	0.347567127988166	6.02352148114465	3.36446060440624	0.00124597961004603	0.0481978014353333	-1.06599248313827	"GTF3C2-AS1"
"16997858"	-0.557325909820996	6.54727096025881	-3.36387434450109	0.00124825759330059	0.0481978014353333	-1.06761985821286	NA
"16685477"	0.409419530523452	4.43612711107988	3.36329724333528	0.00125050382481564	0.0481978014353333	-1.06922161408638	NA
"16816895"	-0.327893646236017	7.93385439759197	-3.36278175778868	0.00125251345451789	0.0481978014353333	-1.07065219026519	NA
"16824899"	-0.327893646236017	7.93385439759197	-3.36278175778868	0.00125251345451789	0.0481978014353333	-1.07065219026519	NA
"16824980"	-0.327893646236017	7.93385439759197	-3.36278175778868	0.00125251345451789	0.0481978014353333	-1.07065219026519	NA
"17022384"	-0.589680131901898	3.9982236141974	-3.36216366620719	0.00125492711093886	0.0482027996887152	-1.07236731441185	NA
"16934592"	-0.599649303737338	6.97070995315001	-3.36168179313985	0.00125681187409933	0.0482027996887152	-1.07370429512934	NA
"17046524"	0.613954902753949	9.79924418835841	3.36098542454801	0.00125954031596981	0.0482274650454203	-1.0756361648294	NA
"17014002"	-0.37679384882183	3.48246626158014	-3.35941882296913	0.00126569884795242	0.0483147121089632	-1.07998120476967	NA
"16828523"	-0.299963157802253	9.92083219022455	-3.35914021470312	0.00126679706582029	0.0483147121089632	-1.08075378719383	NA
"16712642"	-0.510982700004933	6.50877877010081	-3.35881345536089	0.00126808623038616	0.0483147121089632	-1.08165983506666	NA
"16765845"	0.465678273214003	4.06847680988682	3.35739497682995	0.00127369691149543	0.0484486652502548	-1.08559231061395	NA
"16696577"	-0.342635967418922	3.22962260895628	-3.35423260797923	0.00128628978265956	0.0488026887821696	-1.09435517274472	NA
"16782054"	-0.438001330449742	11.6720607261561	-3.35389082918294	0.00128765778644861	0.0488026887821696	-1.09530188484768	"YME1L1"
"16761530"	-0.354250462907967	5.9701314556142	-3.35347234798319	0.00128933466709498	0.0488026887821696	-1.09646096612591	NA
"16949991"	0.257081372370746	6.97814115599194	3.35236476276287	0.00129378277106376	0.0488910361869143	-1.09952818710524	"NRROS"
"16657917"	0.297953355889034	5.84853124246479	3.34882317869012	0.00130810318033188	0.0492118091603178	-1.109331028171	"SLC35E2"
"16968521"	-0.562620705653148	6.74887657208848	-3.34854738911805	0.00130922458399743	0.0492118091603178	-1.11009408480508	"MIR4451"
"16844591"	0.376804885355964	4.12832536976949	3.34854264556256	0.00130924387996227	0.0492118091603178	-1.11010720891968	"KRTAP4-8"
"16677898"	-0.365855206957129	7.29357464229085	-3.34816453594772	0.00131078282711791	0.0492118091603178	-1.11115329190556	NA
"17047478"	-0.36631231810361	2.27344262856547	-3.34706050796383	0.00131528610349846	0.0493008455682478	-1.11420723053076	NA
